1,4,4,1,1,2,2,2,1,4,2,2,1,4,4,2,1,3,2,2,4,1,3,4,2,1,2,1,1,1,2,2,2,2,2,3,1,4,2,4,3,4,3
2,2,1,3,2,4,3,3,2,3,2,2,3,1,1,3,1,4,1,3,3,1,2,4,3,3,1,1,2,1,1,1,2,4,1,4,3,2,4,4,1,1,3
3,12,4,1,3,1,1,4,3,2,4,3,1,3,1,3,3,2,2,4,2,1,4,4,2,1,1,3,1,2,2,1,4,1,3,2,3,1,3,2,3,1,4
4,1,2,3,4,2,4,2,1,2,4,3,4,2,3,1,3,2,1,2,1,1,4,4,4,3,3,3,1,1,4,2,1,3,3,4,4,1,4,1,1,2,3
5,13,2,2,2,2,2,2,2,3,1,2,4,4,4,3,1,3,3,3,1,3,2,2,3,2,3,4,1,4,3,3,3,3,4,3,2,4,4,4,3,2,4
6,12,2,3,2,4,1,3,2,4,4,3,3,3,4,2,3,1,2,2,3,4,2,2,1,2,2,3,4,1,3,1,1,3,4,1,1,2,4,4,2,1,2
7,12,3,2,3,1,2,2,2,3,4,3,2,2,2,2,4,1,1,3,4,1,1,2,1,3,2,4,3,3,1,3,1,2,1,4,1,2,1,4,4,2,4
8,17,4,2,4,1,4,3,4,4,4,4,4,4,3,4,4,4,1,4,1,2,1,1,2,2,1,3,1,1,1,1,3,3,4,4,3,1,4,4,3,3,1
9,15,2,1,1,4,1,2,3,4,1,4,2,2,4,4,2,4,4,2,4,2,2,4,4,1,2,2,1,1,3,2,2,3,2,3,4,2,3,4,4,1,4
10,2,1,1,2,1,2,1,3,4,2,3,2,4,4,2,2,2,3,4,3,3,2,3,3,3,1,1,3,3,3,3,4,1,1,2,4,1,4,1,2,1,4
11,4,3,3,3,3,2,3,3,3,1,4,4,4,3,3,3,2,1,3,2,1,2,1,2,3,4,3,2,1,1,4,2,1,4,2,2,1,4,3,2,3,1
12,6,1,2,2,4,1,2,2,3,3,2,2,2,1,2,3,2,3,2,2,2,4,2,3,2,1,4,3,1,3,2,2,1,1,4,4,2,4,1,3,3,2
13,4,2,1,3,4,3,3,4,1,3,4,4,3,4,2,1,3,1,2,1,1,2,2,1,2,2,1,1,3,1,1,4,2,3,1,2,2,2,3,1,1,1
14,11,3,1,2,1,3,2,3,4,4,1,4,3,1,1,2,2,2,3,3,2,2,1,2,2,3,2,3,3,4,3,1,2,3,1,3,4,4,4,4,3,3
15,12,2,4,1,3,2,4,3,2,3,3,2,1,1,3,4,3,4,4,3,4,3,3,4,3,4,1,3,1,2,3,4,4,3,1,2,2,3,2,2,4,3
16,4,4,2,2,4,3,2,1,4,1,4,1,2,4,1,4,1,2,3,3,4,1,2,4,2,1,1,4,1,3,1,1,3,2,1,4,3,2,3,4,2,1
17,14,2,2,3,1,3,1,1,4,3,4,3,1,3,1,1,4,1,3,3,1,2,4,4,2,4,3,4,4,4,4,1,1,1,4,4,4,2,1,4,2,2
18,12,1,1,1,3,1,3,1,4,4,3,4,3,1,3,3,4,4,1,4,2,2,4,3,3,2,2,2,4,1,2,4,3,1,4,2,2,2,2,2,4,1
19,13,2,2,1,2,1,3,4,2,1,1,3,1,1,2,3,4,3,4,4,2,4,1,2,4,1,4,1,1,4,3,3,4,4,1,3,1,4,2,2,1,1
20,2,3,2,1,3,3,1,1,2,4,4,2,1,4,4,3,4,1,3,1,2,3,4,3,2,3,3,3,1,4,1,1,3,4,4,1,3,4,3,3,4,2
21,9,4,3,3,1,3,1,4,4,4,1,4,4,3,1,2,4,2,1,4,2,3,1,3,2,3,4,3,4,3,4,1,1,4,2,3,1,3,2,4,4,2
22,15,3,4,2,4,3,4,1,2,1,2,4,1,2,2,1,1,3,1,1,1,2,1,3,2,3,3,1,2,2,1,4,1,1,3,2,3,3,4,3,2,3
23,10,2,2,1,1,1,1,1,1,3,2,2,3,2,2,3,1,2,2,3,1,4,3,4,4,2,3,2,2,1,3,2,2,1,3,2,3,3,1,2,1,1
24,9,2,1,3,2,4,2,1,1,4,1,4,2,3,4,3,1,3,4,4,1,3,1,3,2,1,1,1,1,4,1,3,3,1,4,2,4,1,1,4,3,3
25,8,3,3,4,1,2,2,3,2,4,1,3,4,2,1,4,1,2,4,2,3,4,4,1,2,1,1,1,2,4,1,2,3,4,3,1,2,2,3,1,3,1
26,8,1,2,3,4,2,2,2,2,4,2,1,1,2,2,3,3,3,4,2,3,2,4,4,1,2,3,4,3,2,4,3,3,4,1,3,1,1,3,2,3,4
27,13,2,3,4,3,3,2,2,4,1,4,1,2,4,2,4,2,2,1,3,1,1,1,2,2,4,4,3,4,2,3,4,3,3,1,3,4,2,4,1,2,1
28,10,3,3,2,4,4,1,2,1,3,3,1,1,4,3,3,3,2,4,2,2,4,4,3,3,2,3,4,1,3,1,3,2,1,4,4,2,4,4,1,2,3
29,14,2,1,1,3,3,3,2,4,4,1,4,3,4,3,3,3,4,4,1,3,1,2,1,1,2,1,4,2,4,2,3,4,4,1,1,1,4,1,4,4,1
30,7,3,2,4,4,4,1,3,4,1,2,4,3,4,2,4,1,4,2,4,1,4,2,4,4,2,3,2,4,4,4,2,2,1,2,1,2,1,2,4,4,3
31,12,2,2,2,4,2,3,1,4,3,1,3,2,4,3,1,1,2,3,4,1,4,1,4,4,2,4,3,2,2,3,2,1,1,4,1,3,1,4,3,1,1
32,12,1,4,2,2,1,2,3,4,4,4,1,2,1,3,1,4,4,2,3,3,1,4,2,3,2,1,3,3,2,2,2,1,3,2,3,3,2,3,1,3,4
33,12,4,4,3,2,3,2,2,4,3,2,1,1,4,4,1,2,3,4,1,4,3,3,4,3,2,2,2,2,4,3,1,3,3,1,1,3,2,3,4,1,4
34,1,1,2,2,2,2,2,4,4,3,3,1,1,2,3,3,3,1,2,2,4,4,2,4,2,1,3,2,3,1,1,3,3,3,2,3,2,4,1,4,2,1
35,3,2,2,3,3,4,1,3,2,1,4,3,3,4,3,2,1,3,4,3,4,1,2,1,3,2,3,3,2,1,4,2,2,4,1,1,1,1,3,3,4,4
36,10,3,1,3,3,4,1,1,3,3,2,2,4,2,1,1,1,3,4,4,4,4,1,2,3,1,1,4,2,4,1,2,3,1,2,3,3,2,1,2,3,3
37,13,2,2,2,1,3,3,4,3,2,1,3,3,3,3,1,1,4,4,3,4,3,1,4,1,3,2,4,4,2,3,1,3,1,3,2,2,1,1,2,4,4
38,15,3,1,1,4,2,2,4,4,2,3,2,2,1,2,2,3,1,4,3,2,4,4,1,4,2,4,1,2,1,1,4,2,3,4,3,2,4,2,3,2,3
39,5,2,2,3,1,2,3,2,4,1,4,1,2,4,2,3,4,3,3,4,3,3,1,4,4,4,3,2,1,1,2,4,1,1,1,2,4,2,2,2,1,2
40,8,1,3,1,1,1,1,1,1,4,2,1,3,4,4,3,4,2,4,1,2,3,3,1,1,1,1,4,4,2,3,2,3,4,4,1,4,1,1,4,4,2
41,3,2,3,3,1,4,1,1,1,3,1,1,1,3,3,1,2,4,2,4,1,2,2,3,4,1,4,2,3,2,1,4,2,3,4,1,4,1,1,1,1,4
42,4,3,1,1,1,1,1,4,3,3,3,2,1,1,4,1,2,2,3,4,3,3,1,3,3,1,1,4,1,3,4,3,2,4,4,3,4,1,3,3,2,2
43,16,4,4,1,3,1,1,3,4,1,2,3,2,3,1,3,3,1,4,3,4,2,1,3,1,4,4,4,1,3,4,3,3,2,2,2,1,1,4,3,3,2
44,15,4,3,3,1,4,4,4,4,3,2,2,2,2,3,2,3,1,4,2,2,2,3,2,3,2,1,4,3,3,1,2,4,1,4,1,1,4,3,4,1,2
45,6,1,1,2,4,3,1,3,1,2,3,2,1,1,3,4,4,4,4,2,2,2,3,1,4,2,2,2,1,3,2,3,1,4,2,1,1,1,3,2,2,4
46,12,2,1,1,1,1,2,3,3,4,3,4,1,4,4,2,3,2,1,3,1,3,3,4,3,3,2,4,2,2,4,1,4,3,3,3,4,2,1,1,1,3
47,3,4,3,2,1,2,2,3,2,2,2,4,2,2,4,4,4,1,1,1,4,4,1,3,4,3,4,2,4,2,2,4,4,2,3,3,3,4,3,3,1,4
48,2,2,3,3,1,2,1,3,1,4,1,3,1,1,2,1,4,4,4,1,2,4,2,1,2,3,3,4,4,4,4,4,1,3,4,3,2,3,2,2,4,2
49,1,4,1,1,2,2,4,1,1,2,3,3,2,4,3,3,1,4,1,1,3,2,2,2,3,2,1,4,4,4,1,4,4,3,4,3,1,2,2,3,4,1
50,7,2,3,3,4,3,2,3,2,2,3,1,3,4,1,2,2,3,1,3,4,2,2,4,1,2,4,2,3,3,2,3,2,3,3,4,3,3,2,4,1,1
51,15,4,2,1,1,3,2,3,3,1,1,1,3,2,2,3,2,1,4,1,3,1,3,1,1,4,1,4,4,2,4,3,3,3,2,1,2,1,3,3,2,2
52,1,1,2,1,4,2,3,3,2,1,4,1,4,1,4,1,4,4,4,4,1,2,1,1,2,4,3,2,4,2,2,3,2,1,3,2,1,1,4,2,1,3
53,13,3,2,1,1,1,2,3,2,2,3,1,4,2,1,2,4,2,4,3,3,2,2,4,1,3,3,1,4,4,2,4,4,4,4,2,4,3,2,2,4,1
54,8,4,1,1,1,1,4,3,3,2,2,3,3,4,3,1,4,4,2,4,1,4,1,3,1,2,4,3,4,2,4,4,4,4,3,4,1,4,4,2,1,2
55,10,4,1,1,2,1,4,2,1,4,1,4,3,3,4,2,1,2,2,3,3,1,1,2,3,4,1,3,4,3,1,1,4,1,2,4,3,2,3,2,3,1
56,3,4,3,1,2,4,1,3,3,3,1,3,2,1,2,3,1,4,4,1,2,4,4,4,4,3,3,3,2,1,1,2,4,4,3,3,4,1,4,3,4,2
57,16,2,4,3,3,4,2,2,4,2,3,1,2,1,4,1,1,2,3,1,2,2,3,2,2,4,4,2,2,1,1,4,1,3,1,3,2,1,1,2,3,4
58,13,3,4,2,1,3,4,2,3,4,4,2,2,1,2,4,4,4,1,3,4,2,3,3,1,1,4,4,4,4,2,2,1,2,2,2,4,2,2,2,2,2
59,4,2,3,1,1,3,3,1,2,3,2,1,1,4,4,2,3,1,2,3,4,1,2,3,3,2,2,3,1,4,2,2,1,1,3,1,3,3,1,3,3,2
60,13,1,3,4,3,3,3,1,4,4,1,2,1,3,4,4,3,2,3,1,1,2,4,3,2,1,3,2,2,1,3,2,3,1,2,2,4,2,3,2,3,4
61,10,3,4,2,1,2,2,2,2,2,2,1,1,2,1,3,2,1,4,3,1,3,2,2,3,2,4,3,4,4,1,4,3,2,1,3,1,1,1,2,4,2
62,12,3,4,2,3,1,4,1,3,2,4,2,2,1,4,4,1,2,3,2,3,1,4,4,4,1,1,2,3,3,4,2,4,1,2,3,3,4,3,4,4,2
63,13,4,1,2,4,4,2,4,3,3,1,3,3,4,1,3,3,2,4,3,2,2,3,2,3,3,1,3,4,4,4,1,4,1,3,4,1,4,1,1,2,3
64,3,1,4,3,3,2,2,4,1,3,3,4,3,4,1,3,3,3,4,1,3,1,4,4,1,1,3,3,4,2,3,2,1,3,2,3,3,4,3,3,1,2
65,10,3,3,1,4,1,1,4,3,1,3,1,1,4,3,3,1,4,2,4,3,4,3,2,3,1,2,1,1,1,1,2,2,2,4,2,1,1,4,3,1,2
66,7,1,4,4,4,3,2,1,2,3,1,1,2,3,2,4,3,1,4,1,1,4,2,3,2,2,2,1,3,1,3,2,2,4,1,1,1,1,1,1,1,4
67,3,3,4,3,4,3,1,2,2,3,4,4,4,4,3,2,1,4,1,2,1,3,4,2,2,2,1,1,3,1,4,4,4,3,3,2,3,2,3,2,4,4
68,17,4,3,3,2,3,3,4,4,2,4,3,2,3,4,1,3,2,3,1,3,1,1,1,3,1,1,4,3,4,1,2,3,3,3,3,3,2,3,4,2,1
69,4,3,3,2,1,1,3,3,3,4,3,1,4,2,4,1,4,3,3,4,2,2,1,1,3,3,1,4,4,3,1,3,1,1,3,3,3,4,1,1,2,1
70,7,4,3,1,3,3,3,4,1,2,1,2,4,2,2,2,2,3,2,1,4,2,1,3,2,4,3,1,2,4,3,3,3,4,1,1,1,2,1,3,4,1
71,17,1,3,2,3,4,3,3,1,1,2,1,3,3,4,1,4,2,2,4,4,1,2,4,2,1,3,1,1,3,3,1,2,2,2,4,4,1,1,2,2,4
72,17,1,3,4,1,2,3,3,1,3,2,3,2,3,3,2,1,1,4,2,3,3,4,3,2,1,2,2,1,1,3,4,4,3,3,3,1,3,4,2,1,3
73,13,3,4,3,3,4,3,3,4,3,3,1,1,3,2,2,4,1,3,1,1,1,4,3,1,4,2,3,3,2,2,2,4,1,1,4,2,3,3,2,2,1
74,6,2,2,2,1,4,2,1,1,3,3,1,3,2,4,4,4,4,2,1,4,1,3,1,1,2,1,1,2,1,2,3,4,1,2,1,2,4,2,2,2,2
75,15,1,3,4,3,2,1,1,2,1,2,4,2,4,4,3,4,1,3,2,1,1,1,4,3,2,4,1,1,1,2,1,2,3,2,4,3,4,1,1,3,1
76,15,4,3,2,4,3,2,4,3,1,2,2,3,1,4,4,2,3,1,4,2,3,2,1,2,4,2,3,1,4,2,4,1,3,3,1,1,1,3,1,2,3
77,17,2,4,1,2,3,3,1,4,2,1,1,4,4,2,2,4,1,1,2,2,2,2,2,2,2,4,2,4,3,4,2,3,2,2,4,2,3,4,3,1,4
78,1,2,3,4,1,3,1,2,3,4,1,4,4,2,3,4,3,3,4,2,4,4,4,4,1,1,3,3,4,4,1,3,1,1,4,1,3,1,3,3,3,4
79,7,4,4,3,3,3,2,1,4,1,1,1,1,1,3,1,2,4,4,1,2,3,3,2,3,2,1,1,2,1,1,2,1,2,3,4,4,3,2,2,1,3
80,12,1,4,3,1,2,4,4,1,3,2,4,2,3,1,1,4,1,2,1,1,2,4,3,2,4,2,1,1,4,3,4,4,4,4,2,4,3,4,2,1,4
81,7,2,1,3,2,1,4,3,4,2,1,4,2,4,2,2,2,2,4,4,2,1,3,1,2,1,3,2,3,2,1,1,3,4,4,2,1,3,1,4,1,4
82,16,3,4,4,1,2,4,4,1,3,2,3,4,2,3,3,2,3,4,2,3,1,3,3,4,2,2,3,3,4,1,2,3,3,1,3,4,4,4,4,2,2
83,1,3,1,2,3,3,4,1,4,2,3,3,4,1,4,4,3,1,1,3,4,2,3,1,2,1,1,4,4,3,2,1,3,1,4,4,3,1,1,3,4,1
84,11,3,1,2,4,2,4,1,4,2,1,4,4,2,2,1,1,4,3,1,1,3,4,1,4,2,4,4,2,1,1,2,2,1,3,4,3,3,3,1,3,1
85,2,4,1,1,4,1,4,2,1,3,3,1,3,1,3,3,2,3,4,3,1,2,4,2,2,2,4,3,1,1,2,3,3,4,4,4,1,2,1,1,4,4
86,7,2,1,4,3,1,2,2,3,4,3,2,3,1,2,4,3,1,1,3,3,4,2,4,4,3,4,2,4,4,2,3,4,3,3,1,3,2,2,4,1,4
87,4,2,1,3,2,4,3,2,2,2,3,2,4,4,4,1,1,4,3,1,3,2,3,2,2,1,3,4,1,3,1,3,1,4,3,2,1,2,3,2,3,4
88,1,3,3,1,3,4,4,3,1,1,2,1,3,3,2,3,2,3,3,2,4,3,2,1,4,3,1,3,3,3,3,1,1,3,3,3,2,2,4,1,4,4
89,3,4,4,3,2,3,2,1,4,1,4,4,3,1,4,2,1,2,3,2,4,2,1,3,4,3,1,4,4,3,4,1,1,1,4,4,2,1,3,4,4,1
90,10,4,3,1,2,1,2,3,2,3,2,4,1,2,4,2,2,2,1,1,4,1,3,2,1,3,3,4,4,3,4,4,4,2,1,4,2,2,3,3,3,3
91,9,1,1,3,2,4,4,2,2,2,4,4,3,3,3,2,4,4,2,4,1,1,1,2,3,3,2,1,1,2,3,1,1,3,2,1,1,3,2,4,3,4
92,7,3,4,4,4,2,4,2,3,2,3,3,4,4,2,3,1,2,3,1,4,2,3,3,2,3,1,3,1,1,2,2,3,4,1,1,1,1,3,3,1,2
93,11,2,4,1,4,4,4,2,1,4,1,3,4,2,1,1,1,3,2,1,3,2,2,4,2,1,4,4,3,1,3,2,2,2,2,2,1,3,3,1,3,1
94,16,2,2,1,1,4,2,1,4,2,1,3,4,3,4,1,2,1,3,1,3,2,3,2,4,2,4,2,2,4,1,2,4,3,2,3,2,4,4,2,2,2
95,15,4,3,2,1,2,2,4,4,1,3,2,4,2,2,4,2,3,3,1,2,4,3,2,3,3,3,4,4,2,3,4,2,2,4,4,1,1,2,3,4,4
96,13,1,1,3,2,3,4,3,2,3,4,3,1,4,1,1,1,2,1,4,2,4,3,4,2,4,3,2,2,3,3,2,3,1,1,3,2,1,4,4,1,2
97,2,1,1,4,1,3,4,4,3,2,1,3,2,2,4,3,1,4,1,2,3,1,1,1,3,1,4,2,1,2,4,4,1,4,1,4,3,3,4,1,1,2
98,9,4,4,3,3,4,4,4,4,4,1,3,4,1,1,4,4,1,1,4,1,4,1,3,1,2,2,3,4,4,2,1,4,1,2,2,2,1,3,2,4,1
99,8,3,4,3,3,4,2,4,4,4,4,1,2,3,1,2,4,4,2,2,2,2,1,4,1,3,1,2,2,2,2,2,4,3,1,3,1,3,2,4,4,4
100,7,4,2,4,1,4,4,4,4,1,3,2,3,1,2,3,1,1,2,2,2,3,4,1,3,4,1,1,4,2,1,1,4,3,4,2,3,2,4,1,1,1
101,3,3,4,4,2,3,2,4,4,1,1,3,2,3,3,3,3,2,2,2,4,1,1,4,2,1,3,4,4,2,3,4,1,2,1,1,2,1,1,3,3,3
102,15,3,2,4,3,4,4,3,2,4,3,3,2,3,1,3,2,3,4,4,3,1,3,1,3,3,4,1,2,1,2,4,3,1,1,4,1,3,4,4,2,3
103,12,3,1,1,4,1,3,3,4,4,1,2,2,2,1,1,1,4,1,1,1,3,2,1,3,3,4,3,4,3,4,1,1,1,1,2,1,2,4,4,1,2
104,16,3,1,1,3,4,1,3,1,1,2,1,1,2,4,2,1,4,3,1,1,3,4,1,4,3,2,1,4,4,3,1,4,1,4,1,2,3,3,1,3,1
105,17,3,3,3,1,1,1,1,4,4,3,3,4,1,2,4,1,1,2,2,3,3,2,2,4,2,3,3,1,1,4,2,1,4,3,4,1,4,2,1,4,4
106,3,4,4,3,1,3,2,1,4,1,1,4,1,4,1,2,1,1,3,2,1,1,4,3,4,2,3,3,4,3,3,4,4,3,3,2,2,1,2,4,2,4
107,11,4,4,4,4,3,2,1,4,2,4,3,4,4,1,1,1,2,2,3,2,4,2,1,4,3,1,4,4,3,1,1,1,2,1,1,2,3,3,1,1,2
108,16,1,1,3,4,4,3,1,1,2,4,4,2,3,2,3,1,3,4,4,3,1,2,2,3,1,3,2,1,4,4,1,2,4,3,3,3,4,2,1,1,1
109,3,3,3,4,3,1,2,2,3,3,1,3,4,3,4,4,4,2,3,2,2,2,4,1,3,2,3,3,1,2,4,4,1,2,3,3,1,4,1,2,4,3
110,15,4,1,4,4,3,2,3,1,1,1,2,1,3,2,1,4,2,3,3,1,3,2,4,2,1,1,1,1,4,2,1,3,2,2,2,2,1,2,3,3,2
111,9,2,1,4,2,2,1,2,3,3,1,3,1,3,2,4,1,3,3,1,3,2,2,4,4,2,1,1,2,3,3,4,1,3,3,3,4,4,3,2,4,3
112,12,3,3,1,2,3,2,3,4,3,1,4,3,1,1,1,2,3,4,1,4,1,2,3,4,3,4,3,2,4,1,1,2,3,1,1,2,3,4,1,1,1
113,12,1,3,4,1,3,2,1,3,3,3,2,1,4,4,3,4,4,2,4,4,2,2,4,2,2,3,4,3,4,3,1,4,3,1,4,1,3,4,4,3,2
114,15,3,1,3,1,3,3,2,4,3,4,2,1,4,1,4,1,3,3,1,4,2,3,2,2,4,2,2,1,4,3,3,1,2,2,3,2,1,4,4,4,3
115,5,1,2,4,4,4,3,2,4,1,3,2,1,4,1,3,3,3,3,3,2,1,3,1,1,1,3,1,1,2,1,2,1,1,4,2,1,3,2,4,1,4
116,8,3,1,1,2,2,2,3,2,4,1,4,2,2,1,4,2,3,2,4,3,1,2,1,2,3,2,4,2,3,4,2,3,2,1,3,4,1,1,4,1,2
117,4,1,4,1,2,4,2,3,2,3,3,2,3,1,2,4,4,3,2,2,1,3,4,4,4,3,4,2,1,2,2,1,1,1,4,1,2,1,4,4,1,4
118,14,4,4,3,1,3,4,4,1,4,3,4,1,4,3,1,2,4,4,4,2,2,1,3,1,2,4,2,3,1,2,2,4,4,2,4,1,3,4,2,4,1
119,16,3,4,1,2,3,3,4,2,4,4,4,3,1,1,1,4,2,2,2,2,3,3,3,2,2,2,3,4,2,2,2,4,1,4,2,4,1,3,2,2,3
120,16,1,3,3,1,2,2,4,1,4,3,2,4,1,2,2,1,3,2,2,1,4,3,1,2,1,2,4,1,4,2,3,4,2,2,2,2,3,1,2,3,4
121,4,4,2,1,1,1,2,1,3,2,3,2,3,4,4,1,4,2,1,2,4,4,1,3,2,3,4,4,1,4,2,2,4,1,4,4,3,3,4,1,1,4
122,12,1,4,2,4,2,2,2,2,3,4,1,1,1,3,2,4,4,3,1,1,3,3,3,4,1,1,1,4,4,2,2,1,1,4,2,2,4,1,2,4,1
123,5,2,4,3,1,2,3,3,4,1,4,4,4,1,2,2,4,1,1,1,4,4,4,2,2,4,4,4,2,4,3,4,4,4,2,2,2,3,3,1,2,1
124,5,3,2,2,3,1,3,4,4,4,4,2,3,4,1,4,2,1,4,1,3,3,2,2,1,4,2,2,2,2,1,2,4,1,1,2,3,4,2,3,1,1
125,2,1,2,2,3,2,3,1,1,3,3,1,3,2,2,1,1,3,2,1,2,3,1,2,4,1,2,3,4,4,2,1,4,3,4,2,4,1,2,2,2,4
126,1,4,3,2,1,1,4,2,1,3,1,3,4,2,4,1,3,2,4,4,1,1,1,1,3,1,2,3,2,3,2,1,3,3,3,3,3,1,3,4,4,2
127,8,2,1,3,1,3,2,1,3,1,2,3,1,2,2,4,4,2,1,4,4,4,3,1,3,4,4,3,4,3,1,4,4,3,2,1,1,4,2,4,2,2
128,10,4,4,1,3,3,4,1,3,3,2,2,2,1,4,3,1,2,3,2,4,3,3,1,4,4,1,4,3,1,4,2,2,1,3,1,3,4,2,2,1,4
129,12,3,4,4,1,2,4,1,2,4,1,3,4,3,1,3,2,3,2,4,3,3,4,3,1,4,4,3,3,2,2,3,1,4,4,4,3,1,3,2,3,1
130,6,1,2,2,3,3,2,4,3,1,1,3,3,1,1,2,1,4,4,4,2,2,2,3,1,3,3,2,4,2,2,1,3,4,2,3,4,2,1,3,4,3
131,3,4,3,4,3,2,4,2,3,1,3,3,3,3,1,2,4,2,1,2,1,4,3,1,4,4,1,1,1,3,1,1,1,4,2,2,1,1,3,1,1,2
132,14,1,3,1,2,1,4,3,2,4,4,1,1,2,3,2,1,2,4,1,4,4,4,1,4,1,3,2,2,3,2,4,4,4,4,2,1,4,1,2,3,1
133,3,4,1,2,2,4,2,3,4,1,1,3,3,4,1,2,1,1,2,2,3,4,1,1,4,3,2,2,1,1,3,4,2,2,3,3,3,3,1,3,3,4
134,4,4,4,4,1,2,3,3,1,3,3,3,2,3,4,2,1,4,2,3,2,1,4,3,2,3,3,4,3,3,3,1,1,2,2,1,2,3,1,4,3,1
135,14,3,2,4,3,1,4,3,4,2,4,4,1,1,4,4,3,3,1,3,1,3,1,2,2,4,2,2,3,2,3,3,2,2,2,2,2,1,3,2,4,2
136,10,4,4,4,4,3,1,4,2,1,4,2,4,2,4,2,2,2,3,2,3,2,1,4,2,4,2,2,4,2,4,4,3,2,4,4,1,2,1,2,3,3
137,12,3,4,2,4,3,3,1,2,4,1,2,2,1,2,2,1,3,1,1,4,1,1,4,2,3,2,1,1,4,3,3,3,2,1,3,1,4,4,1,2,4
138,17,1,4,4,4,3,4,2,1,1,2,2,1,3,2,2,3,3,4,4,4,2,1,4,1,2,4,3,4,3,4,2,4,1,1,3,1,4,2,3,1,1
139,8,3,4,3,1,4,4,4,4,4,2,1,2,4,3,1,1,4,3,2,2,2,2,2,2,1,2,4,2,4,1,3,4,3,4,1,3,1,3,4,2,2
140,7,1,4,3,1,3,2,2,1,3,3,1,3,4,1,3,1,1,1,3,3,1,3,3,1,3,4,3,4,1,4,1,1,4,2,4,4,4,3,1,2,3
141,16,3,2,2,1,1,3,2,3,4,2,1,2,3,3,4,2,4,2,3,2,3,3,2,1,3,4,4,1,4,2,4,1,3,1,4,4,3,1,4,1,4
142,1,4,3,3,3,4,3,4,1,1,1,4,2,2,2,1,1,3,1,2,3,3,4,2,3,4,4,1,4,3,4,3,3,3,3,3,4,4,1,1,4,2
143,5,3,2,3,2,3,1,1,3,2,4,1,4,1,2,2,2,3,2,1,3,3,3,2,3,1,2,1,3,1,1,3,4,4,3,3,1,4,1,3,4,3
144,8,4,3,2,4,4,3,3,2,1,1,4,4,4,4,3,1,2,3,2,1,1,4,3,4,2,3,1,3,1,2,4,3,2,1,2,1,1,2,3,1,4
145,8,4,3,3,3,4,4,1,2,1,1,1,4,4,2,3,1,2,2,4,4,4,2,3,4,4,4,1,1,3,2,3,2,4,4,2,2,3,3,4,2,3
146,4,3,2,3,1,1,2,4,2,1,3,2,2,2,2,2,1,3,4,4,4,2,2,1,4,2,1,4,3,1,1,3,2,4,1,3,3,1,2,3,2,2
147,1,2,3,3,4,2,2,2,2,1,3,4,1,2,3,1,2,4,1,1,2,1,3,3,3,1,2,2,3,1,4,1,2,2,2,2,4,1,1,3,1,3
148,3,3,1,2,3,4,2,4,4,3,4,4,3,4,4,3,4,3,4,1,4,1,3,4,1,3,3,3,1,3,3,3,2,3,4,2,2,1,3,1,1,2
149,15,2,1,4,4,1,2,1,1,3,1,3,4,4,3,1,3,2,2,1,2,4,3,4,1,4,3,4,3,3,2,2,4,2,3,4,2,3,2,3,3,4
150,14,2,3,2,3,1,3,2,3,1,1,4,1,1,4,4,1,2,4,3,1,2,1,4,4,2,2,3,2,2,3,3,1,2,2,2,3,1,1,3,2,3
151,7,1,2,4,3,4,3,4,3,4,3,2,3,1,3,2,4,2,2,3,3,2,3,2,1,1,3,3,1,4,2,1,4,2,2,4,4,1,2,2,4,1
152,4,2,2,2,1,2,3,1,4,4,1,1,4,3,2,2,1,4,1,4,2,1,2,1,2,3,3,1,1,4,1,1,1,4,2,3,4,2,3,4,2,2
153,11,1,2,1,2,3,2,3,1,3,4,1,3,1,1,1,3,3,4,3,1,1,3,3,2,1,4,2,3,4,3,3,3,3,3,1,4,1,3,2,1,2
154,2,3,2,2,4,4,2,1,4,1,4,1,2,3,4,4,1,1,2,4,4,4,3,2,3,4,3,3,3,4,1,1,2,2,4,3,2,4,2,1,3,1
155,5,4,1,1,1,4,4,2,1,4,1,2,1,4,2,3,1,3,2,4,3,4,3,4,1,3,1,4,3,1,1,2,4,4,1,3,2,1,4,3,4,3
156,12,2,3,2,2,3,4,3,1,2,1,3,2,3,3,1,2,1,2,1,1,2,3,1,4,4,3,4,1,3,3,2,4,3,3,3,1,2,1,1,2,2
157,3,3,3,4,2,3,2,2,2,4,3,1,2,4,3,2,4,3,4,2,4,1,4,2,4,3,1,1,2,3,1,3,4,4,1,3,3,3,2,3,4,4
158,16,2,4,2,1,4,4,1,1,1,4,3,2,1,4,4,3,1,2,3,1,1,3,2,3,2,4,1,4,3,4,2,4,2,1,1,4,2,1,3,3,4
159,3,2,1,4,3,3,4,3,2,4,3,4,2,1,4,3,4,1,3,3,3,3,3,2,2,4,4,4,1,2,3,2,4,1,3,1,2,4,2,3,3,3
160,10,1,1,3,4,2,3,1,1,1,3,3,2,4,4,3,2,3,3,4,3,1,1,1,1,3,1,3,3,1,1,1,4,2,2,2,4,4,2,2,1,3
161,3,1,4,3,2,3,3,2,4,1,4,4,4,4,2,1,4,1,1,2,2,2,3,2,3,4,2,2,3,1,1,1,4,3,2,4,1,3,3,3,4,1
162,11,2,3,1,4,1,1,2,4,1,3,2,2,1,4,2,1,3,4,4,1,2,1,4,4,4,4,4,1,2,1,4,4,2,1,1,3,2,1,1,2,3
163,15,1,1,2,3,4,4,3,1,3,3,4,4,4,3,1,4,2,1,3,4,1,4,3,2,2,1,1,2,2,4,2,1,2,3,2,2,4,1,2,1,2
164,9,4,3,3,1,2,2,3,2,4,4,3,1,1,3,1,4,1,4,4,2,2,4,4,1,3,2,3,1,2,4,2,4,2,4,4,2,1,2,3,2,4
165,13,4,1,2,3,3,2,2,3,3,4,3,3,2,4,2,2,3,3,1,4,4,3,3,4,3,1,1,3,4,4,4,2,4,3,3,1,1,2,1,1,2
166,3,3,3,1,4,4,2,2,3,2,1,1,3,2,3,1,1,3,4,3,1,4,3,2,1,4,1,1,3,2,1,2,3,1,3,3,1,3,2,1,3,1
167,8,1,2,2,3,4,4,1,4,4,3,2,2,4,2,2,4,1,4,2,4,1,3,3,2,4,1,1,4,3,4,1,1,1,2,1,1,3,3,4,2,2
168,8,1,1,4,3,2,3,2,4,3,3,3,2,1,1,4,1,4,2,4,2,1,4,2,2,3,1,3,1,4,4,4,4,4,4,1,2,4,3,4,2,2
169,12,4,2,4,3,2,1,3,3,1,1,1,4,2,2,1,2,2,3,4,2,4,1,4,3,3,2,3,1,2,2,3,3,4,4,4,3,3,4,3,1,2
170,12,1,1,1,2,2,3,4,4,3,4,2,2,2,2,4,2,4,1,2,2,2,4,4,2,2,2,3,2,3,2,1,3,1,4,4,2,2,3,3,3,4
171,10,1,2,4,1,4,4,3,2,2,1,1,1,1,4,1,2,1,1,2,2,2,2,4,2,2,4,3,3,1,4,3,3,4,2,1,2,1,1,2,1,4
172,7,3,4,3,2,4,3,2,3,4,4,4,2,1,4,4,2,3,4,3,1,1,2,2,2,1,1,2,3,4,2,2,2,2,4,1,4,2,4,2,4,4
173,9,3,4,2,3,1,3,2,2,3,2,2,1,2,3,3,3,3,1,3,3,4,1,3,4,4,4,2,2,3,2,2,2,4,4,3,1,4,3,3,1,1
174,16,2,2,1,1,1,1,1,3,3,4,4,3,2,1,4,4,3,1,2,1,2,2,2,2,3,4,3,3,3,1,4,2,3,3,3,1,2,1,4,4,3
175,9,2,3,1,2,1,1,4,3,2,2,3,3,4,4,4,2,3,2,1,3,4,3,1,3,2,3,2,3,2,4,2,4,3,3,4,4,2,4,2,1,3
176,5,1,1,3,2,1,2,4,3,4,2,4,1,1,2,3,3,2,4,1,2,2,2,2,1,4,4,2,4,4,4,3,2,3,3,4,1,4,3,2,3,3
177,2,4,3,2,3,2,2,2,2,1,1,4,1,2,1,2,2,2,4,1,2,2,2,3,4,1,1,1,1,2,4,1,1,3,1,2,3,3,2,2,1,1
178,8,4,4,1,1,4,2,4,1,2,3,1,2,2,2,4,2,4,3,1,3,3,4,4,1,3,3,4,3,4,1,1,1,4,1,3,4,4,3,2,2,1
179,13,4,1,4,1,2,3,4,1,1,4,3,1,3,2,2,3,2,2,1,1,2,1,2,2,4,3,2,4,2,2,3,4,4,3,4,1,2,4,4,4,3
180,15,3,4,3,3,3,4,4,2,1,3,4,3,1,4,2,3,1,4,1,2,4,3,4,4,4,3,1,4,2,2,1,3,4,3,2,4,3,3,2,1,2
181,1,4,1,2,4,2,3,3,4,3,3,4,1,3,4,3,3,2,1,2,3,2,1,3,3,2,4,4,3,3,4,3,4,2,1,3,1,1,1,1,1,4
182,13,1,4,2,2,1,3,3,4,1,3,3,2,3,2,1,2,2,4,1,3,2,4,1,4,2,1,3,1,1,4,1,4,4,4,3,4,4,3,3,3,2
183,14,3,1,2,3,2,1,2,1,2,2,4,1,1,1,3,2,2,4,4,4,4,4,4,1,1,2,4,1,3,4,4,1,4,1,4,2,4,3,1,1,1
184,2,1,4,2,4,1,3,4,2,2,2,3,4,4,2,2,3,4,1,3,1,4,4,4,3,1,3,1,1,4,2,2,2,3,4,2,4,2,4,2,3,2
185,8,2,3,2,4,1,3,2,4,1,2,4,2,3,4,4,4,3,4,4,3,1,4,4,3,4,4,1,4,2,3,3,3,1,2,3,2,3,3,3,3,1
186,2,1,2,3,1,3,1,4,4,2,4,1,1,3,1,2,4,1,1,3,2,2,4,2,4,4,4,3,4,2,3,3,2,2,1,1,2,4,3,3,1,2
187,14,1,3,2,4,3,2,3,3,4,1,1,4,3,2,4,1,1,2,1,1,4,1,1,1,2,1,1,2,4,2,3,4,1,4,4,2,3,3,4,3,1
188,4,2,4,2,4,2,2,1,1,3,4,4,3,3,2,1,4,2,2,2,1,4,2,2,1,3,2,3,1,1,2,3,3,2,3,2,3,2,2,3,1,2
189,5,3,3,4,1,2,2,3,1,3,4,4,2,4,2,1,4,4,4,3,1,1,2,3,3,4,4,2,1,2,1,1,1,1,4,2,1,1,4,1,4,3
190,9,4,1,1,2,1,4,4,4,4,2,4,3,2,3,3,3,3,3,3,1,1,1,3,3,3,4,1,2,2,4,1,3,4,1,4,1,3,2,4,2,4
191,2,4,1,2,3,3,1,1,4,1,2,4,2,3,2,4,4,2,4,1,1,1,4,2,4,2,2,2,3,3,3,2,4,4,1,4,2,4,3,3,2,4
192,14,3,3,2,3,2,4,2,1,4,2,4,4,4,1,4,1,3,4,2,4,4,4,2,1,3,4,3,2,3,2,3,1,2,1,3,1,4,2,4,4,2
193,6,1,4,2,2,4,4,2,4,4,3,3,2,3,4,2,2,2,1,2,1,4,2,3,1,1,2,4,2,1,1,4,1,1,2,1,4,4,1,2,1,1
194,6,2,3,4,4,2,3,1,1,2,2,3,2,3,2,2,2,3,2,4,3,1,1,3,3,4,4,4,3,2,3,1,1,3,1,4,1,4,4,3,4,4
195,3,2,2,4,2,2,4,1,2,1,3,2,4,4,2,3,2,2,2,4,1,3,4,4,1,2,1,4,2,2,1,3,4,1,2,1,4,3,4,2,2,1
196,16,2,1,1,1,4,1,4,3,4,4,4,2,2,3,4,4,1,1,4,4,2,2,1,3,2,1,1,1,2,3,3,1,1,4,3,3,2,3,4,2,4
197,2,1,2,4,1,3,2,2,1,4,1,4,4,2,1,1,2,1,3,2,2,2,4,2,2,4,4,2,4,2,1,3,4,2,2,3,3,4,3,3,3,3
198,7,1,3,1,3,1,3,3,2,3,2,4,3,2,2,4,4,4,3,1,4,4,2,3,3,1,3,2,1,1,4,3,3,2,4,4,2,3,1,4,1,4
199,4,2,1,4,1,3,2,1,3,4,2,3,3,2,2,4,2,2,1,1,4,2,2,4,1,1,3,4,4,2,3,2,4,4,3,4,3,4,4,4,1,4
200,6,3,3,1,1,2,3,2,4,4,1,1,3,1,1,2,4,4,1,4,1,1,2,2,1,4,2,3,2,1,2,4,4,2,4,3,1,1,3,1,1,2
201,14,3,4,4,2,3,4,4,1,4,2,3,4,2,3,3,4,3,1,2,2,1,4,1,2,4,1,4,2,2,2,4,2,2,3,2,4,2,3,2,4,2
202,2,2,1,1,1,1,1,2,4,2,3,3,2,3,2,1,4,1,1,3,4,3,1,1,1,3,4,4,2,2,4,2,3,2,3,1,2,4,2,3,4,1
203,3,4,4,2,2,4,1,1,3,3,3,1,4,4,1,3,3,3,4,1,3,1,1,2,2,3,2,1,1,3,3,3,3,1,2,1,1,3,1,1,1,4
204,14,2,1,2,1,3,3,2,2,2,3,2,1,3,1,3,3,2,1,1,2,2,2,4,2,3,3,4,1,2,2,1,4,3,1,3,1,3,4,4,3,4
205,3,3,2,1,1,4,3,2,1,4,2,2,4,2,4,3,1,1,2,4,4,2,3,1,1,4,3,3,3,4,3,1,4,2,2,3,3,3,3,4,3,3
206,14,1,3,1,3,2,4,4,4,3,4,4,4,2,2,3,3,1,4,3,1,4,2,1,1,4,1,1,2,1,3,2,4,4,2,3,3,1,4,4,1,3
207,6,4,3,1,3,2,3,2,4,2,2,3,1,3,2,3,2,1,2,4,1,3,1,3,2,1,4,1,1,3,1,3,4,4,1,1,1,3,4,3,3,4
208,5,4,1,3,3,1,1,4,3,2,3,1,3,4,4,4,2,4,1,1,2,4,1,3,1,4,4,2,1,1,4,4,1,2,4,2,3,4,4,1,3,1
209,14,3,2,2,1,2,3,1,3,1,3,3,2,2,3,4,2,1,3,3,4,3,3,3,1,4,3,1,1,2,4,3,2,3,1,2,1,3,1,2,3,1
210,10,1,2,4,4,1,4,1,2,3,1,2,2,4,1,4,3,2,3,1,2,2,1,1,2,3,3,3,1,3,2,4,2,3,2,1,4,3,2,1,4,2
211,16,1,3,1,3,2,1,1,1,3,1,1,2,2,2,3,4,2,1,4,3,1,4,4,3,4,4,2,2,2,2,1,4,2,4,1,4,3,2,3,3,4
212,7,2,1,4,1,2,4,3,2,4,1,4,2,1,1,2,4,3,1,2,3,4,4,2,3,2,1,4,1,4,3,4,4,3,1,3,3,1,3,4,2,3
213,3,4,3,3,3,4,3,2,3,4,2,1,1,4,3,4,1,1,1,3,1,3,3,3,1,1,4,1,1,3,2,3,3,4,2,2,4,3,1,1,1,3
214,14,4,4,4,4,4,1,3,2,4,2,2,2,4,2,2,3,4,3,3,2,2,4,4,3,4,1,4,3,2,4,1,3,4,4,3,3,2,3,3,3,3
215,2,1,2,1,3,3,3,1,4,4,4,2,2,1,3,3,4,3,3,1,3,4,4,3,2,2,1,1,3,2,4,4,1,4,4,4,1,2,2,3,1,3
216,3,4,2,3,4,1,3,1,4,3,1,1,2,3,2,3,3,3,1,3,4,4,1,2,4,3,1,3,2,1,4,2,3,3,2,4,1,4,1,1,4,2
217,15,3,2,2,3,3,1,3,3,2,2,2,1,2,4,2,1,2,2,3,1,2,3,3,4,1,4,4,4,1,3,1,2,1,3,4,2,2,3,1,3,1
218,15,4,3,1,3,3,1,2,4,2,1,3,4,2,4,3,2,1,3,1,1,4,1,2,4,3,3,4,4,1,4,2,1,1,4,1,1,3,1,2,1,1
219,13,2,3,2,2,1,2,1,4,1,4,2,2,2,3,3,2,1,3,4,2,4,1,2,3,4,1,1,2,2,1,1,1,1,4,2,2,3,2,3,1,2
220,2,2,4,3,3,2,4,2,4,4,4,1,1,4,1,3,2,1,3,1,1,1,1,4,2,1,4,1,2,2,4,1,1,4,1,4,3,3,3,1,3,4
221,15,4,2,3,1,4,4,2,2,1,3,3,3,4,4,4,1,1,1,2,1,2,4,1,2,3,1,2,4,1,2,2,1,1,2,4,3,2,2,2,1,2
222,6,4,1,4,1,4,2,4,4,4,2,2,4,4,3,1,1,4,4,1,4,1,2,1,1,2,2,2,2,2,2,1,2,2,3,1,4,1,4,4,3,3
223,10,3,4,2,2,4,4,2,2,3,3,3,4,1,1,4,2,4,4,1,2,2,1,3,2,2,3,3,3,4,1,2,3,1,4,4,2,2,2,3,2,2
224,2,3,1,3,4,1,3,4,2,4,4,4,4,3,4,3,2,3,4,3,2,4,1,2,4,3,2,1,4,4,2,3,3,3,4,2,2,3,4,1,4,1
225,12,2,3,2,3,1,3,4,1,3,4,1,3,4,4,4,3,1,3,3,2,3,3,3,2,1,1,4,3,1,2,1,4,1,1,1,4,3,3,1,4,3
226,15,1,4,4,3,3,3,1,4,3,2,1,2,4,4,3,3,4,2,3,3,2,1,1,2,2,2,2,2,2,4,2,4,2,4,2,3,2,2,2,2,1
227,3,2,1,4,4,4,4,1,3,3,2,2,1,2,2,3,4,4,4,2,4,4,2,2,4,2,4,2,3,1,2,3,4,1,4,2,2,1,2,3,2,3
228,13,3,3,3,2,4,1,1,2,1,1,4,3,4,4,3,2,4,3,4,4,2,4,2,1,4,3,1,2,1,1,3,3,3,4,1,2,1,3,2,1,1
229,1,2,4,4,2,4,2,2,3,1,3,1,1,2,4,2,2,1,2,1,2,1,2,3,2,1,3,4,4,2,2,4,2,1,1,4,4,2,3,1,4,2
230,9,2,3,3,3,3,1,3,2,2,4,2,3,2,1,4,2,3,4,4,1,1,2,2,2,4,4,1,4,1,1,3,2,4,2,1,1,2,1,4,1,1
231,17,2,4,4,3,4,3,4,1,2,4,3,2,2,4,2,2,4,1,1,4,1,4,1,3,4,3,4,3,3,1,2,4,1,1,3,3,1,4,2,2,2
232,2,3,1,3,1,2,4,3,4,3,2,4,3,1,4,2,4,4,4,2,2,3,3,3,3,3,3,1,2,4,1,2,3,4,2,2,3,3,3,3,3,4
233,13,1,4,4,4,3,2,2,1,2,1,1,1,4,4,4,3,2,1,1,2,1,3,4,3,3,4,4,3,1,4,2,3,4,2,3,2,2,1,2,3,2
234,15,2,3,4,1,3,1,1,3,4,3,2,4,2,2,3,2,2,3,1,4,4,4,1,1,1,3,2,1,3,4,3,3,4,2,4,3,1,3,3,3,2
235,6,2,3,3,2,4,1,2,1,2,4,2,2,3,3,2,2,1,2,2,3,2,4,3,3,4,2,2,2,2,2,1,3,2,1,4,1,1,3,3,2,3
236,1,3,4,2,1,2,1,4,4,3,3,3,3,3,2,1,4,4,1,1,3,2,1,2,2,3,4,2,1,2,3,4,4,2,4,2,1,3,2,3,4,3
237,5,4,2,3,4,1,2,1,1,4,4,3,1,1,3,4,1,3,1,1,3,1,2,2,3,2,1,4,4,2,1,1,2,4,3,4,2,1,4,3,1,2
238,4,2,4,1,1,3,2,2,4,3,1,4,4,4,1,3,3,1,3,3,3,4,2,2,2,4,2,1,4,4,4,2,3,1,4,4,4,2,3,2,4,1
239,4,3,3,3,1,3,2,2,3,1,3,2,3,1,4,3,4,4,1,1,4,1,2,3,2,3,1,4,4,4,1,2,2,3,1,3,2,3,2,2,3,2
240,12,1,2,4,1,4,4,3,1,3,2,1,3,2,1,3,2,3,3,3,4,2,3,2,2,1,3,1,3,3,4,1,3,3,1,4,3,4,4,2,4,4
241,6,1,4,4,2,3,3,4,2,3,4,3,4,1,1,3,3,2,1,4,4,1,4,4,4,1,4,4,2,1,1,3,4,3,3,4,2,2,3,3,3,1
242,10,4,4,2,1,2,4,1,2,3,3,2,1,1,2,1,4,3,4,3,4,2,1,3,4,1,4,4,1,2,1,3,3,4,2,2,1,2,1,2,2,2
243,12,2,4,4,4,4,1,4,1,4,2,2,1,1,1,1,2,3,4,4,3,3,4,2,4,3,4,3,4,3,2,4,3,3,2,1,4,1,1,4,3,3
244,5,2,1,2,3,4,2,1,3,2,1,2,4,2,1,4,2,2,2,4,3,4,3,1,2,4,2,4,1,2,3,3,4,4,1,2,2,3,4,4,3,2
245,12,2,1,2,3,3,3,2,1,4,1,4,4,3,4,3,1,3,3,1,3,4,3,4,2,1,4,3,2,4,3,1,4,3,1,4,4,2,2,4,1,3
246,10,4,4,1,4,3,3,4,3,3,1,2,2,3,4,3,2,1,1,2,4,3,4,3,2,3,1,3,3,4,4,3,3,1,3,2,3,3,1,1,4,1
247,9,2,2,4,1,4,1,2,4,4,4,1,1,3,2,4,1,3,3,1,3,2,1,3,3,3,2,2,2,3,4,1,4,1,4,2,2,4,4,2,1,2
248,11,2,1,2,1,3,4,2,1,2,4,4,4,3,4,4,1,1,4,1,3,3,3,4,1,2,4,3,4,1,4,4,1,1,2,4,4,1,4,2,1,1
249,10,3,1,2,3,3,2,3,3,1,4,2,2,4,3,3,4,1,2,2,4,1,2,1,4,1,1,4,1,2,4,1,3,1,2,1,1,1,2,2,4,1
250,6,4,2,4,2,3,2,4,3,1,4,1,2,3,4,4,2,3,4,1,1,3,2,4,3,3,4,1,1,1,1,3,2,4,2,2,1,3,3,4,3,4
251,7,1,4,1,4,2,2,3,2,1,4,3,2,2,3,2,3,1,2,3,2,4,2,4,4,1,4,4,1,3,4,1,1,1,3,1,2,1,2,1,3,1
252,17,4,1,2,4,3,3,2,2,4,1,4,2,3,3,4,2,3,3,3,3,4,3,1,3,2,2,3,4,4,3,1,3,3,3,2,2,4,2,2,2,4
253,7,3,1,2,2,2,4,1,2,3,1,4,2,1,1,2,2,4,1,3,1,4,4,2,4,4,2,4,4,3,1,4,3,1,3,2,1,2,3,3,1,4
254,13,4,2,2,3,4,2,3,4,3,2,4,4,4,4,4,3,4,3,1,4,1,1,4,4,2,1,4,2,2,1,1,4,3,4,2,2,4,1,2,4,1
255,14,3,2,4,4,1,1,3,3,3,4,3,2,4,2,3,2,1,3,3,3,4,4,3,4,2,4,1,3,3,1,1,4,3,2,4,3,1,1,2,4,3
256,1,3,3,2,2,1,3,1,4,3,3,2,2,3,2,1,4,1,3,3,3,1,4,4,3,2,2,3,2,1,1,1,4,3,3,2,2,2,1,2,2,4
257,9,3,3,3,4,2,4,4,1,1,4,2,4,3,1,1,2,2,1,4,3,3,4,1,4,1,4,4,2,3,2,1,3,4,1,4,4,3,2,4,3,2
258,6,1,3,3,2,3,3,2,4,2,2,4,1,2,3,4,1,2,1,1,1,4,4,2,2,3,4,2,3,1,1,2,4,3,4,4,4,2,4,2,4,3
259,12,3,3,1,4,2,4,1,1,2,3,4,3,4,1,1,1,1,4,1,4,2,4,4,1,4,1,4,3,2,1,3,1,4,1,3,1,2,1,1,2,3
260,8,1,4,1,4,1,3,4,2,4,3,3,4,1,2,1,2,2,2,4,2,3,1,4,1,4,4,1,1,3,4,2,1,1,2,2,2,1,1,4,1,1
261,3,2,3,4,2,1,1,1,2,2,3,4,4,2,1,3,1,2,3,1,2,4,1,4,3,1,3,1,2,4,2,3,3,3,3,1,2,3,2,4,2,2
262,15,2,2,1,3,3,3,1,2,1,1,3,1,2,4,2,2,4,1,1,3,1,1,1,4,1,1,4,2,4,1,4,2,1,2,1,2,1,3,4,2,2
263,3,4,1,2,3,3,3,2,3,1,4,4,4,1,3,1,3,2,3,2,4,4,2,2,4,1,3,1,1,4,1,2,1,2,4,2,4,3,1,3,1,4
264,2,4,1,2,2,3,4,1,3,4,3,4,1,2,1,4,2,1,3,1,3,3,2,3,1,3,2,1,2,4,3,2,3,4,2,2,1,2,1,1,3,1
265,9,1,1,4,4,1,3,4,2,3,4,3,1,4,4,2,4,1,3,3,3,3,1,2,2,1,1,2,4,1,3,3,1,3,2,1,2,4,4,2,3,3
266,12,2,1,1,2,1,1,3,4,2,2,2,1,3,2,4,2,4,3,1,3,2,3,3,1,1,1,4,1,2,3,1,2,1,4,4,2,2,1,3,2,1
267,8,3,3,2,2,1,2,1,1,4,4,3,3,3,1,1,2,4,3,4,3,4,1,2,1,4,1,4,2,3,1,3,3,2,4,4,3,1,1,4,4,1
268,4,3,1,1,4,1,3,1,2,1,4,1,1,2,2,3,1,3,2,1,3,3,1,2,2,3,4,1,4,4,1,1,1,1,1,1,3,4,1,1,3,3
269,2,3,2,4,2,3,1,2,4,2,1,1,2,2,1,4,4,3,3,4,2,4,4,1,4,3,2,2,4,1,4,3,4,3,3,2,2,3,1,2,3,1
270,15,4,1,1,4,1,4,2,3,2,1,4,4,3,2,2,4,2,1,2,3,2,4,1,4,2,2,3,2,3,3,3,4,2,1,2,1,3,2,4,3,3
271,5,1,3,2,2,3,3,4,4,3,3,3,3,3,2,3,1,2,3,4,1,3,2,1,2,2,3,3,4,1,4,3,4,3,1,1,4,4,3,4,1,3
272,8,2,4,3,4,1,2,2,3,4,1,1,2,3,1,2,4,3,2,2,2,2,2,3,1,3,3,3,1,4,1,1,2,4,4,4,1,3,1,1,4,4
273,2,1,4,3,3,3,2,4,1,3,2,1,1,1,1,3,1,2,2,1,1,2,4,1,2,2,3,4,4,4,3,4,4,4,3,3,1,1,2,1,2,4
274,2,2,1,4,4,4,1,4,1,1,2,2,1,2,3,2,1,1,4,3,1,1,2,3,3,3,2,2,1,1,3,1,1,2,2,4,2,3,2,2,4,1
275,3,1,2,2,3,4,1,4,2,2,3,1,2,3,2,2,3,2,4,2,3,4,3,2,2,4,4,4,4,3,3,2,2,4,3,4,1,3,2,2,3,3
276,7,4,1,3,4,4,4,1,1,2,2,1,1,2,1,2,2,2,3,1,3,1,2,1,2,4,2,4,1,2,3,2,4,3,3,4,2,1,2,4,3,3
277,14,1,3,4,2,4,2,1,2,3,4,3,2,1,4,4,2,4,1,2,2,3,2,1,1,3,1,4,2,2,1,1,3,4,4,1,2,3,1,3,4,4
278,11,3,1,3,3,4,1,2,2,1,1,1,3,1,4,1,4,3,4,2,3,4,3,3,3,1,3,1,2,3,3,3,4,4,2,2,3,3,2,1,2,2
279,2,3,3,4,4,2,2,4,1,1,2,4,3,1,4,4,3,2,2,2,2,2,4,2,4,3,2,3,3,1,2,1,2,4,1,3,2,4,1,1,3,3
280,13,4,4,4,3,4,1,2,4,1,2,1,1,3,1,3,4,3,1,3,3,4,3,1,4,1,3,4,3,2,2,1,3,1,2,2,2,2,3,4,2,4
281,5,1,1,4,4,1,4,1,2,4,3,2,1,1,1,3,2,3,2,4,1,2,1,3,2,3,4,2,3,2,3,2,3,2,2,4,3,2,1,4,3,2
282,13,4,1,1,4,3,4,3,2,2,4,2,4,1,1,2,1,4,1,1,3,4,2,2,4,2,2,4,4,3,3,3,3,3,1,4,3,3,4,1,2,4
283,7,2,3,1,1,3,2,2,3,4,3,1,1,4,1,2,3,3,3,1,4,2,3,4,2,4,4,3,3,2,3,1,3,4,3,3,4,2,3,3,3,2
284,9,4,2,1,2,2,3,2,3,1,1,1,2,1,2,2,3,2,3,1,4,2,2,2,4,2,2,2,2,4,2,4,3,1,3,2,3,4,3,3,4,4
285,2,4,2,1,4,2,3,4,4,4,4,1,1,4,1,4,2,1,3,1,4,1,2,3,2,2,3,1,1,3,2,2,3,2,2,3,1,4,3,3,2,3
286,5,3,3,1,4,1,1,4,4,1,1,4,2,4,1,1,2,3,1,1,4,2,1,2,3,4,4,3,2,2,2,4,4,4,3,4,4,1,1,3,3,4
287,16,1,2,2,3,4,2,1,2,3,3,2,2,3,2,2,3,2,4,3,4,3,4,4,4,3,1,2,1,3,1,3,3,4,2,2,4,4,3,3,2,1
288,7,4,1,3,2,3,3,4,1,4,1,4,4,2,4,3,2,3,4,2,3,3,2,3,1,3,4,3,2,2,3,4,3,3,4,1,4,2,4,4,3,1
289,16,1,4,1,4,4,3,4,1,4,1,2,1,3,2,2,3,4,2,2,1,3,4,3,2,2,4,1,2,2,3,3,2,2,4,1,1,3,3,3,3,4
290,14,4,3,4,2,4,1,4,2,3,1,3,1,3,3,3,4,3,1,1,2,4,4,4,1,4,2,2,3,2,3,1,1,2,2,2,2,3,3,3,2,4
291,10,1,1,1,1,4,4,2,3,1,3,1,3,4,4,3,2,4,3,2,3,4,4,3,4,3,2,2,4,2,3,1,2,2,2,1,3,1,3,1,2,1
292,11,2,4,4,3,1,3,4,1,2,2,3,4,1,3,1,1,3,3,3,1,3,2,3,1,3,4,2,4,2,3,2,3,4,3,3,3,4,2,1,4,1
293,2,2,1,4,4,3,4,4,4,1,3,2,3,4,4,4,3,4,1,3,2,1,3,2,4,2,4,1,2,1,2,4,3,3,2,1,3,3,3,2,4,2
294,12,4,1,1,1,3,2,2,3,4,4,1,1,3,4,3,3,3,4,3,3,4,3,1,2,1,2,1,1,3,3,1,4,1,3,1,3,4,3,4,4,1
295,17,3,3,1,1,1,3,1,1,1,1,1,3,1,1,1,2,3,4,1,2,1,1,1,1,2,3,1,3,1,2,4,2,3,2,1,1,3,1,2,1,1
296,9,3,1,2,2,3,2,4,1,1,4,3,4,1,3,4,4,2,4,4,2,3,4,2,4,4,4,1,1,3,3,4,1,4,3,4,3,3,2,3,4,3
297,4,1,1,1,1,4,3,4,2,2,2,1,1,1,2,4,1,4,3,3,1,2,1,4,4,3,3,2,3,2,1,2,4,2,2,2,2,3,1,1,2,1
298,3,1,3,3,4,3,2,2,2,3,1,4,4,3,1,4,2,2,2,3,3,2,4,4,2,2,4,1,3,1,3,2,3,1,3,4,2,3,2,4,3,2
299,8,3,4,4,3,4,1,1,1,4,2,1,1,3,1,1,4,3,2,2,3,2,3,2,3,1,2,4,4,1,1,4,4,4,2,4,3,1,4,4,2,4
300,13,3,3,4,3,3,4,3,1,3,1,4,3,3,4,4,1,1,3,4,4,3,3,4,2,1,4,3,1,2,3,1,1,3,3,3,4,1,2,3,1,4
301,8,3,2,4,3,3,2,2,4,1,4,2,1,1,4,2,2,3,1,2,1,4,4,4,3,3,1,3,1,1,3,2,1,3,2,1,2,1,4,3,2,4
302,11,2,1,2,4,1,4,2,1,1,3,2,1,4,2,3,1,3,2,3,2,4,1,2,2,3,2,2,4,4,3,3,2,3,1,4,1,2,1,1,2,1
303,7,1,1,4,3,4,3,4,2,3,1,2,2,2,2,1,1,1,2,1,2,3,3,3,3,4,3,1,2,2,1,1,1,2,1,4,1,2,3,2,4,2
304,5,1,2,2,4,1,2,3,4,4,2,2,2,4,4,4,4,2,2,3,4,4,2,3,1,3,3,4,3,2,1,4,3,4,1,4,2,1,3,3,3,3
305,11,2,3,1,1,4,1,2,2,2,4,4,3,1,2,3,3,2,3,3,1,4,1,4,3,3,1,4,3,2,4,1,2,3,2,2,4,2,3,4,3,2
306,8,2,3,2,3,4,1,4,1,2,2,4,4,1,1,3,2,3,3,3,2,1,4,2,4,4,2,3,4,2,3,2,3,4,1,2,2,4,1,3,1,4
307,9,1,2,3,3,2,1,3,1,4,2,2,4,3,4,3,3,1,3,3,1,3,2,2,2,3,1,1,3,3,1,4,4,4,3,3,3,3,2,2,3,1
308,8,4,4,3,2,1,1,1,2,3,4,2,1,1,1,1,3,3,2,2,4,2,1,4,1,4,1,1,3,4,4,3,3,2,4,3,2,2,1,4,4,4
309,14,4,3,2,2,3,1,1,2,2,2,3,4,1,4,2,2,2,1,2,2,4,2,3,2,1,2,1,3,3,3,3,4,3,4,4,1,2,1,2,3,3
310,5,3,1,1,2,1,1,3,4,2,4,2,1,1,4,4,3,1,4,2,1,1,1,2,3,3,1,4,3,1,2,3,2,4,2,3,2,1,4,4,3,1
311,2,3,4,1,2,3,1,2,2,4,3,4,1,4,4,2,2,1,4,1,4,1,3,3,1,3,4,2,4,2,1,2,1,2,2,3,3,1,4,2,4,4
312,10,3,4,3,3,2,1,3,3,2,4,1,1,3,3,2,4,1,2,4,4,1,3,4,1,3,2,4,4,4,2,2,3,2,1,4,1,1,3,1,2,4
313,5,2,2,2,1,2,2,4,3,4,2,1,2,2,1,2,1,1,3,2,4,3,1,3,4,2,4,1,3,3,1,2,1,3,1,4,1,1,1,3,3,2
314,6,4,1,1,1,1,2,2,2,3,1,1,2,3,4,2,1,1,3,3,2,3,4,3,1,3,3,4,3,3,4,3,3,2,1,3,1,3,3,2,3,2
315,1,3,3,4,4,1,3,2,3,1,2,2,4,1,4,1,2,4,2,4,2,3,4,1,1,2,2,4,1,4,4,3,4,1,1,2,4,2,3,3,2,1
316,5,4,3,2,4,3,4,2,2,1,2,1,3,3,3,3,1,3,3,3,3,3,1,3,2,3,4,1,2,4,3,1,2,4,3,3,1,4,2,3,4,1
317,12,3,2,2,2,4,4,3,2,2,4,4,1,4,1,1,1,4,3,3,3,1,2,3,4,3,1,1,3,3,4,2,2,1,4,4,2,2,4,3,2,3
318,6,1,1,4,1,1,3,3,2,3,3,4,1,4,2,3,1,1,4,1,3,4,3,1,3,4,4,4,1,1,3,3,2,4,1,2,3,4,1,1,1,2
319,9,4,3,1,4,4,4,3,3,1,1,4,4,3,3,3,4,4,4,4,3,3,2,3,1,4,1,4,1,3,3,2,1,2,4,2,1,2,3,2,1,2
320,3,3,3,2,1,3,4,1,4,4,2,3,2,3,2,2,2,2,1,4,4,1,4,4,2,3,1,3,3,4,2,2,2,2,3,2,4,4,4,2,2,2
321,16,2,2,3,3,2,4,1,4,3,3,2,1,4,4,4,2,3,3,4,3,1,4,4,1,4,1,4,2,2,3,3,2,4,1,2,2,4,1,4,3,3
322,15,2,2,1,2,2,2,3,1,1,1,3,1,3,3,2,3,1,2,1,3,1,4,3,1,4,2,2,3,4,1,1,1,2,3,2,4,1,4,1,2,1
323,15,3,3,2,1,3,4,3,2,4,3,2,3,1,3,3,1,4,2,2,3,3,2,2,2,2,1,3,4,1,1,4,3,2,4,3,1,3,1,2,2,2
324,17,2,4,3,3,1,3,3,3,3,3,4,1,3,2,4,4,2,2,3,2,2,1,2,4,4,2,1,4,1,4,1,2,1,4,3,2,4,3,4,4,4
325,10,2,2,4,2,2,4,1,3,3,2,1,2,4,3,3,4,2,4,2,1,1,2,1,3,2,1,3,3,4,1,2,4,3,4,1,1,4,3,1,3,1
326,9,3,1,4,3,1,3,4,4,4,3,2,4,3,1,3,1,2,4,4,3,2,1,1,3,2,3,2,1,1,3,4,2,1,4,4,1,4,3,3,4,2
327,17,4,2,1,3,2,1,3,2,4,4,2,1,1,2,2,2,4,1,1,1,1,1,1,3,3,3,2,3,3,1,3,4,3,4,4,2,1,4,2,4,3
328,6,2,2,4,3,3,1,1,3,4,1,1,4,3,4,1,3,4,3,2,1,1,3,1,1,2,4,3,2,4,4,1,1,2,2,2,4,4,4,4,3,1
329,7,1,1,2,3,4,2,3,2,3,2,1,1,1,2,4,1,1,3,4,3,3,4,1,1,4,4,2,1,1,1,3,3,1,3,3,2,4,3,3,4,4
330,7,3,3,1,4,1,1,3,4,3,1,3,3,3,2,1,2,1,2,4,2,4,3,3,1,1,4,1,3,4,2,1,4,3,2,4,4,3,4,1,1,2
331,1,3,4,1,3,3,3,4,2,3,1,3,3,2,2,3,3,2,3,4,1,2,2,1,3,1,2,4,3,1,4,1,1,4,1,3,2,1,3,4,1,3
332,12,1,4,4,3,4,1,2,1,1,1,2,4,3,1,4,2,4,4,3,1,3,1,4,3,2,3,1,3,1,3,1,1,1,1,1,2,4,4,4,4,4
333,8,4,3,1,2,1,2,2,4,4,1,4,4,4,3,2,2,3,2,4,4,4,1,2,4,1,1,3,4,3,3,2,1,3,3,2,1,1,1,1,1,3
334,11,2,2,3,2,4,3,2,1,4,2,4,1,2,1,1,3,2,2,3,1,4,1,2,3,4,4,1,4,3,1,2,3,2,3,3,1,4,4,3,3,2
335,11,2,2,1,2,3,1,3,3,2,4,1,2,3,2,1,4,3,1,1,4,1,1,2,3,1,2,4,3,4,4,1,3,4,4,2,4,3,2,4,1,2
336,3,3,3,3,4,1,3,4,1,2,1,1,2,4,2,2,1,1,3,2,1,3,4,1,2,1,3,3,4,1,1,1,2,1,2,4,1,1,2,2,3,4
337,5,4,1,4,2,4,3,1,1,2,1,2,4,4,4,3,3,1,4,4,2,1,2,1,3,2,2,3,2,3,3,1,3,2,2,1,3,3,1,2,1,2
338,8,1,3,2,4,4,3,3,1,2,4,1,4,4,3,1,1,4,2,4,1,4,2,4,3,2,1,2,2,4,3,3,3,4,1,3,2,2,3,3,1,1
339,16,1,2,2,3,1,3,3,2,4,3,2,4,4,4,4,1,3,4,4,4,2,2,2,3,3,2,4,3,4,4,3,2,4,3,2,2,3,2,4,3,1
340,10,3,4,2,4,2,2,3,4,1,4,3,3,1,4,1,1,1,1,3,2,1,4,2,1,2,1,1,1,4,1,2,2,4,1,1,2,3,2,1,4,3
341,16,1,1,1,2,2,3,4,3,1,2,4,1,1,1,4,3,1,3,3,3,2,3,1,3,2,1,1,1,1,3,1,2,4,3,2,2,4,2,2,3,2
342,10,3,2,2,4,1,4,3,2,4,2,3,1,3,2,2,1,1,3,1,1,2,4,1,3,2,1,1,4,2,3,2,4,2,4,3,4,2,4,2,3,1
343,15,4,2,1,4,4,3,4,4,1,1,3,4,3,2,2,4,1,2,3,3,2,1,3,3,3,1,1,1,4,1,1,3,1,2,4,2,2,1,1,3,3
344,5,4,1,4,1,1,1,4,2,1,4,2,1,2,4,4,1,1,1,2,3,1,4,2,1,3,4,1,2,3,2,2,2,3,3,3,1,2,1,4,3,2
345,10,1,1,1,1,4,1,2,3,3,3,1,4,4,3,3,4,3,1,1,4,1,2,4,1,3,3,3,2,3,1,3,4,1,4,3,2,2,3,2,2,2
346,8,2,1,1,3,1,1,1,2,4,3,1,3,2,3,4,4,1,3,3,1,1,3,4,3,3,2,4,2,4,3,1,3,1,4,3,3,2,3,4,2,1
347,5,2,1,1,4,3,1,3,4,2,3,2,2,1,1,1,4,4,1,3,1,3,1,4,4,3,3,4,3,3,4,4,2,3,3,4,4,4,3,3,2,4
348,8,4,3,4,4,2,2,1,4,1,4,2,2,1,1,3,3,3,3,2,3,4,4,2,2,4,2,4,4,1,4,3,4,4,4,1,4,2,2,4,2,3
349,12,2,1,2,1,3,1,1,1,1,3,2,1,3,3,1,3,1,3,2,1,4,1,1,2,1,4,2,1,3,3,2,1,4,2,1,2,1,2,4,4,1
350,16,4,3,4,3,2,1,3,4,3,4,1,4,1,2,4,2,2,4,3,1,3,4,1,3,1,1,3,2,3,2,4,4,1,4,2,1,4,4,3,1,4
351,17,2,1,1,1,3,4,2,2,2,4,3,2,3,4,4,3,2,1,3,3,2,3,3,4,4,3,2,4,1,2,1,4,4,2,2,3,4,1,3,3,2
352,13,2,1,4,2,2,2,4,4,1,1,4,4,4,2,2,3,3,3,2,3,2,1,3,4,4,1,2,2,4,1,2,2,1,2,4,2,4,4,3,2,4
353,6,2,4,4,4,4,4,2,2,4,3,4,4,2,4,3,2,2,2,2,1,1,3,4,3,4,1,3,2,1,2,1,1,2,4,3,4,2,4,3,2,4
354,2,4,1,3,2,1,1,1,4,2,2,3,3,2,3,3,4,1,4,1,3,4,4,2,4,4,3,2,1,1,2,3,3,4,1,2,1,2,1,4,4,1
355,11,1,3,2,3,4,1,3,3,3,4,2,1,2,4,2,1,3,3,4,3,4,2,3,1,3,3,4,2,3,1,3,1,3,3,1,4,3,3,3,1,2
356,8,2,3,1,2,1,1,2,3,1,2,1,4,4,3,1,1,3,2,3,2,3,4,4,3,3,4,3,3,1,4,2,1,3,4,4,4,4,4,2,1,2
357,1,2,3,3,3,4,4,3,2,1,1,3,2,1,4,1,2,2,2,2,3,4,4,3,3,3,2,2,3,3,3,2,1,1,4,3,4,4,4,1,4,2
358,16,4,3,4,1,3,3,2,1,1,1,1,1,3,1,1,4,1,4,3,1,4,3,1,2,1,3,1,3,2,3,4,2,2,2,4,3,2,2,4,4,3
359,6,3,4,1,2,4,2,1,1,2,4,2,4,3,4,2,3,1,3,2,2,2,4,1,2,1,4,4,3,1,1,4,4,3,3,1,2,3,3,1,3,3
360,3,2,4,1,3,1,3,3,4,4,3,1,2,1,2,4,4,2,4,1,2,4,4,4,3,3,3,3,2,3,2,1,3,4,3,2,1,3,3,1,3,1
361,12,1,2,4,1,2,2,2,4,3,1,1,2,1,4,4,3,1,1,2,4,2,3,2,1,4,3,1,1,3,4,2,1,3,3,3,4,4,3,1,1,4
362,5,3,1,2,1,4,2,1,4,3,3,2,3,2,4,2,2,3,2,2,2,4,1,3,3,4,1,1,4,4,4,3,4,3,2,4,2,2,2,4,3,1
363,7,4,2,2,4,2,1,2,2,1,2,3,3,3,2,4,1,1,2,1,4,1,2,3,3,4,2,1,4,3,4,1,1,2,2,2,2,3,2,2,3,2
364,1,4,2,1,4,3,4,2,1,4,3,2,1,2,4,2,3,4,4,2,1,2,2,3,1,2,4,2,3,1,3,2,2,4,2,3,4,1,4,2,2,4
365,2,4,4,4,2,4,1,3,1,4,1,4,2,4,1,3,3,2,2,2,2,1,4,4,2,2,4,1,2,3,1,2,3,1,4,2,1,1,4,4,1,3
366,15,3,3,1,1,1,4,1,1,1,4,3,2,1,3,3,4,3,2,3,3,3,2,4,4,3,1,1,4,4,1,2,4,1,2,1,4,1,2,4,4,4
367,15,2,1,2,1,4,3,3,2,4,4,3,2,4,1,2,2,2,1,4,1,2,1,1,4,4,4,4,4,1,1,1,2,3,3,4,1,1,2,3,3,3
368,8,3,3,4,2,4,3,3,4,4,1,2,4,1,2,2,2,1,1,4,4,1,4,3,3,3,3,4,2,1,4,4,4,1,3,1,1,3,3,3,3,2
369,1,2,2,4,1,3,2,3,3,1,4,3,1,3,4,1,3,4,4,1,2,4,4,3,1,4,1,3,3,2,4,1,4,4,2,4,3,3,3,4,3,2
370,3,1,3,1,1,1,2,3,4,2,3,4,4,4,4,4,4,3,2,1,3,3,4,3,1,2,2,2,3,2,4,1,4,3,1,2,2,1,1,1,2,4
371,17,4,4,3,4,4,2,1,4,1,2,1,2,2,4,1,2,4,3,2,1,1,1,3,1,4,4,4,4,1,3,4,3,2,2,2,2,1,4,2,4,1
372,12,2,2,2,4,4,4,2,4,1,3,1,4,1,2,2,4,1,3,4,3,3,2,2,1,2,2,2,1,3,3,1,4,1,4,2,1,2,2,1,1,2
373,5,1,1,1,1,2,2,3,2,4,3,3,3,4,1,3,2,4,4,3,4,3,3,3,1,3,2,3,1,1,4,2,1,3,3,1,3,4,4,3,2,3
374,11,3,1,2,4,4,4,1,2,2,4,3,1,3,1,3,1,3,1,4,3,4,2,3,3,1,1,2,3,1,4,1,4,3,4,2,3,3,1,2,4,2
375,9,3,2,3,1,4,1,3,4,3,4,1,3,3,1,2,3,3,2,3,2,1,3,2,4,3,2,3,2,3,1,4,2,3,1,4,4,2,1,3,1,3
376,6,2,2,2,2,3,4,2,2,3,3,2,4,1,3,3,3,1,1,2,2,2,2,3,4,3,4,3,1,3,3,4,3,4,4,4,2,4,4,1,3,3
377,15,1,1,4,2,3,1,3,1,4,3,4,4,3,4,4,4,4,4,2,4,3,3,2,4,3,3,3,4,3,2,1,3,2,3,4,3,1,2,4,2,4
378,10,2,4,3,2,2,4,1,4,2,1,3,3,1,1,4,3,4,3,4,3,1,1,1,4,4,2,3,2,3,2,3,4,2,3,3,3,2,4,1,1,1
379,13,3,3,4,1,2,2,3,1,4,3,3,1,4,4,2,4,2,1,3,1,3,2,1,2,1,3,3,3,2,3,3,4,1,3,2,4,3,1,2,2,3
380,17,4,3,2,1,4,1,2,2,2,2,3,3,4,1,4,3,4,2,4,4,1,4,1,4,1,3,3,2,1,1,3,4,1,1,2,3,1,3,3,3,3
381,11,1,3,1,4,4,1,2,2,4,2,1,1,3,3,3,4,2,1,4,2,4,1,2,3,3,1,2,3,4,1,4,3,2,2,4,2,3,1,4,1,3
382,16,1,3,3,1,2,2,3,1,1,2,4,4,2,4,3,3,3,4,2,4,4,4,3,1,2,1,1,3,3,2,3,1,1,2,2,4,2,2,1,1,2
383,6,3,2,2,2,2,3,1,4,4,3,3,2,3,3,1,4,1,4,4,1,4,4,2,2,1,2,2,4,2,1,1,2,2,2,2,2,4,4,4,1,2
384,7,4,3,3,1,2,1,2,2,2,2,1,1,2,4,4,1,4,2,4,3,3,3,1,4,4,4,2,3,3,2,3,3,2,3,2,3,2,2,2,2,1
385,15,2,4,3,1,1,3,4,4,1,4,1,3,1,2,2,2,3,4,1,4,3,3,4,1,2,1,1,1,3,2,2,4,3,1,4,3,3,2,3,4,3
386,13,4,2,2,1,4,2,3,1,1,4,3,3,3,1,2,3,2,1,2,4,1,1,4,1,4,3,1,4,1,1,2,2,2,1,1,3,4,1,2,2,4
387,3,4,4,3,4,4,1,4,1,1,2,3,3,3,1,4,2,2,2,3,2,4,3,2,2,1,1,2,1,4,1,1,4,3,1,2,3,2,1,3,4,4
388,10,3,1,4,3,4,1,2,4,3,1,3,2,2,3,1,1,1,4,3,3,4,3,1,1,1,4,4,2,1,2,3,2,2,2,3,3,2,1,3,3,2
389,14,2,3,3,3,1,3,1,1,2,4,4,1,3,1,2,3,1,2,4,2,1,2,4,3,2,3,2,4,1,3,3,4,4,4,1,2,3,3,4,4,1
390,12,1,1,1,1,2,1,4,4,3,4,3,4,2,1,2,2,3,4,1,4,1,4,4,2,3,3,2,1,3,3,3,1,4,4,4,3,3,3,1,3,1
391,7,2,2,3,2,2,3,2,2,1,2,1,4,2,4,1,1,3,2,1,2,3,4,3,1,2,4,3,1,4,1,3,2,1,2,1,3,3,4,2,3,3
392,12,3,3,4,2,3,4,4,1,3,3,2,2,1,3,2,1,2,1,1,2,3,1,4,1,4,2,3,3,1,2,1,1,3,4,4,4,4,2,2,1,2
393,11,4,3,1,4,3,3,3,2,3,2,1,2,1,1,3,1,2,4,2,1,1,3,2,4,1,2,4,2,3,4,3,2,3,1,2,1,4,4,4,4,1
394,11,1,4,4,2,1,1,2,2,2,1,3,1,1,4,2,3,4,4,4,4,3,3,4,4,4,1,2,3,2,3,2,3,2,3,4,3,1,4,4,3,2
395,9,1,2,3,4,2,3,2,3,3,4,2,3,2,1,3,4,3,1,1,4,4,2,1,1,3,2,1,2,3,4,2,3,4,3,3,1,3,2,1,2,2
396,9,3,1,1,4,4,1,3,3,2,4,2,3,2,1,4,4,3,1,2,1,3,1,2,1,4,4,4,4,3,3,2,4,1,1,2,4,2,2,3,3,4
397,11,1,2,4,3,4,2,1,3,2,3,1,2,4,1,1,2,1,3,2,1,3,1,1,3,1,2,3,1,1,2,2,3,1,1,3,4,2,1,2,3,2
398,16,2,4,3,4,3,4,2,1,2,2,3,1,1,2,2,4,4,1,1,1,2,1,4,1,2,4,3,1,3,1,3,1,2,4,2,2,4,2,2,1,4
399,17,3,3,2,1,1,3,3,1,3,4,2,1,1,3,1,2,4,4,1,4,2,4,1,1,3,1,2,1,4,2,3,3,2,2,4,3,2,2,3,4,1
400,13,1,3,4,1,4,1,4,3,4,2,4,4,2,3,4,2,3,1,4,2,4,1,1,2,2,2,3,4,1,1,4,4,3,2,3,4,2,4,3,1,2
401,13,2,3,2,4,4,4,2,3,3,3,3,2,2,4,3,2,4,3,3,1,2,3,1,1,2,3,4,3,2,4,1,2,3,3,1,1,4,2,1,1,2
402,4,1,1,1,4,2,3,3,4,2,2,2,4,3,4,4,2,3,4,2,3,4,1,4,4,1,2,1,3,4,3,4,1,3,1,3,3,1,3,1,3,1
403,7,3,4,2,1,1,3,2,1,2,4,4,1,1,1,3,1,4,4,4,4,3,4,4,1,2,3,4,4,2,1,4,4,4,1,3,4,3,4,1,2,3
404,14,4,3,4,4,3,1,3,4,2,3,3,4,4,3,3,4,3,4,4,3,3,3,1,4,4,3,3,2,1,4,2,1,3,4,2,1,4,1,2,4,1
405,9,2,1,3,1,3,3,1,4,3,2,2,4,2,1,3,1,1,3,3,4,1,4,2,3,2,1,4,4,4,3,4,3,4,4,4,4,2,2,3,3,4
406,6,3,2,1,3,4,2,1,1,4,2,3,1,1,3,1,3,4,3,3,4,4,3,3,3,4,3,4,3,3,3,3,2,1,1,2,4,4,4,1,2,4
407,14,2,1,3,3,4,4,2,2,1,2,3,4,3,4,4,1,3,2,2,1,1,1,1,3,3,4,4,3,1,1,2,4,1,2,2,2,4,1,2,3,1
408,12,3,1,2,4,3,4,4,2,3,2,2,1,2,3,4,2,4,1,4,1,1,3,4,1,1,4,2,4,2,2,4,1,4,3,4,3,1,4,4,3,2
409,6,4,3,2,1,2,3,3,2,1,2,2,4,3,3,1,1,2,4,2,3,3,3,2,2,3,4,3,2,4,1,2,2,2,3,2,3,2,4,3,4,4
410,16,4,2,4,4,3,3,3,3,4,4,1,2,3,1,1,1,1,1,2,2,1,4,2,4,3,2,2,3,3,2,2,1,3,4,4,1,1,3,2,4,3
411,9,4,1,1,1,1,1,1,4,3,2,3,3,4,1,3,3,1,1,4,2,2,4,1,4,1,2,2,2,2,2,1,2,1,1,1,4,3,1,2,2,3
412,12,2,3,1,4,1,3,3,3,3,4,3,1,1,1,2,1,4,3,2,4,3,2,3,4,2,1,4,4,4,1,2,2,2,3,4,1,2,3,4,2,1
413,13,3,1,3,3,1,1,4,2,1,2,2,3,3,4,1,1,3,2,3,1,3,1,1,3,1,4,2,3,2,2,2,1,4,2,1,3,4,1,4,3,3
414,8,1,1,2,4,4,2,2,2,1,4,3,2,1,1,1,2,4,2,2,2,2,1,3,4,1,1,2,1,3,2,1,2,3,2,3,1,3,1,2,4,1
415,10,2,3,4,1,4,1,4,4,3,3,4,4,1,2,4,3,1,1,2,3,4,2,2,4,1,1,3,1,4,4,3,1,2,2,4,3,1,2,3,1,2
416,14,4,1,3,2,1,1,3,3,4,3,2,3,1,3,3,4,3,1,4,4,2,1,4,1,1,4,4,4,3,4,1,4,1,3,2,3,2,4,4,1,1
417,5,4,4,3,1,3,3,3,1,4,1,4,1,4,2,1,1,3,3,4,1,3,2,3,4,1,4,2,1,2,2,4,2,2,1,2,2,3,2,2,1,4
418,5,2,2,2,3,1,4,4,3,4,4,2,4,1,1,2,1,1,2,3,3,1,2,1,3,1,2,4,4,1,3,1,3,2,1,2,1,1,1,3,1,2
419,15,2,1,1,3,1,4,2,4,3,3,4,1,4,4,1,4,1,2,2,1,1,4,4,2,2,2,2,2,3,2,3,4,4,3,2,4,3,4,3,4,1
420,3,2,1,2,3,2,2,4,4,3,1,4,1,2,4,1,1,2,2,1,4,2,3,3,2,1,1,4,2,2,1,4,3,3,3,4,1,1,1,1,3,1
421,14,4,1,1,4,2,4,1,2,4,1,4,2,3,2,4,2,2,2,3,1,2,2,2,3,1,1,1,3,2,2,1,1,4,4,1,1,2,1,3,2,1
422,7,4,1,4,4,2,4,4,1,2,4,3,1,3,3,2,4,1,4,3,3,1,4,3,1,2,4,1,2,3,1,1,3,3,3,4,4,4,3,2,3,4
423,10,3,4,2,1,1,2,2,3,2,4,4,3,3,2,3,2,2,2,2,3,2,1,4,3,4,3,3,1,4,3,2,2,2,2,1,4,4,1,2,1,4
424,16,4,2,3,4,1,4,1,4,3,4,3,2,4,1,4,4,3,2,4,3,4,2,4,1,4,4,3,2,2,1,4,2,4,1,2,3,3,3,4,1,3
425,13,3,3,2,3,1,2,1,2,4,3,2,2,3,1,2,2,2,4,4,4,1,3,1,1,1,4,2,4,4,3,4,4,1,3,4,3,2,1,1,2,2
426,1,4,2,2,3,1,4,2,2,3,1,4,1,4,4,1,3,2,3,4,1,4,3,4,2,4,1,1,3,2,1,3,2,2,3,2,2,4,1,4,2,2
427,15,1,3,3,1,2,4,1,3,4,4,3,1,3,2,4,1,2,4,4,2,2,2,4,3,1,1,3,3,1,3,1,1,4,4,2,2,4,1,1,4,1
428,7,1,1,2,1,1,4,4,3,4,2,1,3,2,1,1,1,3,4,4,4,2,3,1,4,1,3,4,3,1,1,2,3,1,4,4,1,1,3,1,4,2
429,2,1,1,2,4,1,1,4,3,4,3,4,2,4,3,2,2,3,3,3,4,2,1,4,4,1,2,1,4,1,3,3,3,1,2,4,1,4,3,2,4,1
430,17,1,2,1,4,1,1,3,3,2,2,4,1,1,1,2,3,2,2,3,1,3,1,1,1,3,1,1,2,2,4,1,3,2,3,1,1,1,1,3,4,1
431,13,4,4,3,1,3,2,1,2,2,1,1,1,2,4,1,1,1,2,1,3,3,4,4,4,1,2,3,2,3,4,4,1,2,4,2,1,4,1,2,4,2
432,4,4,4,4,2,4,3,4,1,1,1,1,1,1,2,3,4,2,1,2,3,4,4,4,3,3,4,2,4,3,1,1,1,3,2,2,3,3,3,1,3,1
433,6,4,4,1,1,1,4,1,4,3,2,2,3,1,3,2,1,2,1,4,4,2,3,4,2,3,3,2,1,1,2,4,3,4,4,2,3,4,2,2,3,2
434,5,3,4,4,4,4,2,4,4,3,1,2,4,4,4,2,1,4,1,2,2,1,1,1,1,2,3,1,1,3,1,4,4,2,2,1,3,1,1,2,3,3
435,9,3,3,4,4,4,4,3,1,1,3,3,4,3,4,3,4,2,1,4,4,4,4,4,4,3,1,3,3,2,3,4,4,3,1,2,3,2,2,4,4,1
436,1,4,3,4,1,1,1,4,1,1,2,3,3,3,4,1,1,3,2,4,1,3,2,4,2,1,2,3,1,2,4,2,4,3,4,1,4,1,3,1,3,3
437,13,1,2,2,4,1,4,4,3,4,2,4,1,1,3,3,4,2,1,3,2,3,1,3,2,2,3,2,4,3,3,1,3,3,3,2,3,4,1,1,3,3
438,17,3,1,4,2,4,4,2,2,3,2,1,4,1,3,3,3,2,3,3,1,4,1,3,4,1,3,4,4,3,2,4,3,2,3,1,2,2,3,1,3,1
439,16,4,2,1,4,1,4,4,2,2,4,4,4,4,3,2,1,2,4,4,2,3,4,3,3,2,1,2,1,4,3,3,2,4,1,2,2,4,4,2,2,4
440,8,2,4,3,1,3,2,2,4,3,1,1,4,3,4,3,2,3,3,1,3,2,4,3,2,1,4,3,4,2,2,2,3,2,1,3,1,1,4,2,3,4
441,17,4,4,4,2,4,1,3,3,1,3,1,2,2,3,4,2,4,2,4,4,3,1,1,3,3,3,1,2,1,2,2,2,3,3,1,2,2,2,3,1,4
442,17,1,2,1,1,1,4,4,2,1,4,2,1,3,3,2,2,2,1,4,1,3,1,1,4,4,2,1,3,1,4,1,1,4,3,3,1,3,2,4,2,2
443,7,2,3,4,2,2,4,3,2,1,4,1,1,1,2,1,2,1,4,4,3,4,2,4,1,4,3,4,3,3,2,3,4,4,3,1,3,1,3,2,1,1
444,1,2,3,3,4,2,4,2,4,1,4,4,3,2,1,1,4,1,2,2,4,2,2,1,2,3,3,1,4,3,4,4,3,1,1,2,2,4,1,1,1,1
445,15,1,1,2,4,2,2,3,3,1,2,1,3,2,2,1,3,2,4,2,2,1,3,2,4,2,1,4,4,2,3,3,3,3,4,2,2,1,4,4,3,2
446,6,4,2,4,1,3,4,3,1,4,3,2,3,4,2,3,2,3,4,1,2,3,2,2,2,1,4,4,1,1,3,4,2,3,1,1,4,4,2,4,2,3
447,10,1,2,4,3,1,3,1,2,1,1,3,3,3,2,1,1,2,3,4,3,1,2,3,4,2,1,1,2,3,2,3,3,1,1,2,1,2,4,3,2,2
448,6,4,3,4,2,1,2,2,1,1,1,4,4,4,3,4,1,3,2,2,3,1,3,3,4,4,1,3,2,2,1,2,3,2,1,4,4,4,2,1,1,1
449,16,4,4,1,3,1,4,2,3,2,3,2,1,3,1,4,1,2,2,2,2,1,2,1,4,1,1,4,4,4,1,1,4,1,4,1,2,3,3,3,1,1
450,9,2,2,2,4,4,1,4,2,4,1,2,3,1,4,4,3,2,3,2,4,4,4,3,3,1,1,2,1,3,2,4,4,4,2,2,4,1,1,3,3,2
451,1,1,1,3,3,3,1,3,1,4,2,2,2,1,1,4,2,2,4,4,2,4,3,4,3,4,2,3,4,3,1,2,1,1,3,4,2,4,3,1,2,2
452,14,1,2,4,3,4,3,2,1,4,2,3,2,2,3,3,2,3,1,4,4,3,1,1,3,1,1,2,1,4,1,4,3,2,1,1,4,4,3,4,1,2
453,16,1,2,4,2,4,4,2,1,1,3,4,2,1,3,1,4,1,1,3,4,4,3,2,3,3,2,3,3,4,3,1,1,4,4,2,2,1,3,2,1,4
454,10,3,2,4,3,4,2,3,1,4,1,1,2,3,4,1,3,2,1,1,2,3,4,2,4,4,4,3,2,1,1,3,1,2,3,2,1,1,2,4,4,4
455,13,1,1,4,3,1,3,4,1,2,2,1,1,2,4,3,3,1,3,3,3,4,4,4,4,4,2,1,3,2,3,1,1,4,4,2,2,2,3,3,4,1
456,4,2,2,4,1,2,3,4,1,2,1,1,1,2,2,4,3,3,4,3,2,1,4,3,4,3,1,4,1,3,2,1,2,3,3,2,4,4,1,3,4,1
457,17,2,2,3,3,2,2,2,4,1,4,1,4,4,4,2,2,3,1,2,3,1,3,4,3,4,2,2,4,4,3,1,1,1,4,3,4,2,4,4,2,3
458,9,4,4,3,1,3,2,3,2,1,4,1,1,2,4,4,3,4,4,2,2,4,3,1,2,2,1,4,3,4,4,2,1,4,1,2,3,1,2,1,4,2
459,1,3,1,4,4,3,3,2,4,1,1,1,4,2,2,3,3,1,1,4,3,3,2,3,1,4,1,3,2,1,3,4,3,1,2,1,3,3,1,1,1,1
460,14,4,3,4,2,3,4,1,2,4,1,3,1,2,1,3,4,2,3,2,4,4,2,2,1,4,2,2,1,3,1,2,1,4,2,3,2,2,4,2,3,1
461,12,3,3,2,3,1,3,2,3,1,1,1,2,2,3,2,3,2,2,4,3,4,1,3,2,1,4,2,4,4,4,1,2,3,4,1,3,4,3,3,3,3
462,2,2,3,3,3,4,3,1,2,2,1,2,2,2,4,2,1,1,3,1,3,4,2,1,2,2,3,2,3,3,2,2,3,1,1,3,2,4,3,3,1,3
463,7,1,2,1,2,2,4,1,3,3,3,2,2,1,2,1,2,2,4,4,1,2,2,4,4,3,1,4,2,4,1,3,4,1,3,2,1,4,4,2,3,3
464,7,1,4,4,2,2,4,3,4,3,2,4,2,1,2,2,4,4,2,1,1,1,2,1,4,2,3,3,2,1,1,4,2,1,4,1,3,4,2,2,3,2
465,12,4,3,3,2,4,4,1,1,1,3,2,2,2,3,3,2,3,2,3,2,2,4,1,4,3,2,3,4,1,1,2,3,1,1,1,4,1,3,4,2,2
466,8,1,3,3,4,3,4,1,4,3,2,1,1,4,3,1,4,1,3,1,3,3,3,4,4,3,1,2,4,1,2,2,3,1,2,4,1,3,1,3,2,4
467,14,1,2,3,4,2,4,3,2,3,2,4,4,3,3,2,1,1,1,3,4,2,1,1,2,3,3,2,4,2,3,2,2,1,4,4,3,2,4,2,2,3
468,4,1,2,1,1,2,4,2,2,2,1,4,4,1,2,3,4,1,2,4,4,4,2,2,2,4,3,2,2,2,1,2,4,4,1,1,4,1,3,3,3,2
469,2,3,4,2,3,1,3,4,2,1,3,4,2,4,4,4,1,2,1,1,1,2,1,3,2,1,2,3,3,2,3,1,1,2,3,1,4,3,4,3,4,4
470,8,2,3,2,2,4,2,3,2,3,3,3,3,1,4,2,4,3,2,1,4,1,3,1,4,1,3,4,3,2,1,3,1,3,3,2,4,3,3,1,3,3
471,13,4,1,2,2,2,1,4,3,4,1,2,1,4,1,4,2,4,3,4,1,4,4,3,4,4,3,2,2,3,4,2,3,2,4,1,2,3,3,1,1,4
472,1,2,3,2,1,3,3,1,4,2,3,1,3,4,2,1,3,2,1,1,1,4,1,3,1,4,2,3,2,4,4,3,2,4,1,1,1,1,4,3,2,1
473,15,4,4,2,3,1,1,2,3,1,3,3,3,1,2,4,2,2,4,2,3,3,4,4,2,2,4,3,4,3,2,2,1,2,4,4,3,1,3,1,3,3
474,15,1,2,1,3,4,4,3,2,3,4,4,4,1,3,3,2,4,2,4,4,3,3,2,2,4,2,2,3,4,4,1,3,1,2,4,3,1,1,3,3,4
475,3,1,4,2,3,4,3,1,3,2,4,3,3,2,2,1,2,4,4,3,3,4,2,1,3,1,2,3,3,4,1,1,3,3,1,4,4,4,1,4,4,1
476,11,4,1,2,1,3,4,4,4,4,2,1,2,2,2,4,1,3,4,4,3,4,4,1,4,2,1,3,2,3,1,3,4,4,2,1,2,1,2,3,2,3
477,8,1,3,3,2,3,3,4,2,3,3,2,4,2,3,2,4,3,1,3,3,1,1,4,2,1,3,4,4,2,1,3,1,3,3,4,4,1,1,2,2,3
478,4,1,4,2,1,2,4,2,4,4,1,2,4,3,3,1,1,2,1,4,1,3,1,2,1,4,4,4,4,4,3,3,3,4,3,3,2,4,3,2,1,1
479,1,3,1,3,4,2,1,3,1,3,2,4,1,4,3,2,1,2,2,2,2,4,1,1,3,3,2,3,1,4,3,2,3,2,1,2,4,1,2,2,4,4
480,17,3,3,1,1,4,3,1,4,4,3,3,2,1,1,1,2,4,4,3,4,2,4,2,3,2,1,2,3,4,4,4,2,1,1,4,4,4,1,2,4,1
481,12,2,3,2,2,4,1,4,4,2,1,3,4,3,4,2,2,3,4,3,3,2,3,2,2,2,3,3,3,1,3,3,4,1,3,4,1,2,1,1,2,3
482,15,3,3,4,4,4,4,2,1,1,4,1,2,4,3,3,1,1,1,4,3,3,2,2,4,3,2,1,1,2,4,3,4,3,2,3,2,1,1,1,2,4
483,7,3,2,2,1,1,3,4,2,2,1,4,2,4,4,1,2,4,1,4,4,2,1,2,2,4,4,1,1,3,3,1,2,4,3,1,1,3,3,4,2,2
484,10,4,2,4,1,2,3,3,2,4,3,2,4,2,4,4,4,3,4,3,3,4,1,2,3,2,2,1,3,4,4,1,2,4,3,3,2,2,3,1,3,3
485,1,3,4,2,4,1,2,2,2,1,3,3,4,2,3,3,1,2,2,2,4,3,3,3,1,1,4,3,4,4,4,1,1,4,4,4,2,1,3,1,2,3
486,13,1,2,1,3,4,1,4,4,3,3,2,1,1,4,2,3,2,4,1,3,4,2,4,2,2,1,3,2,1,4,1,3,3,4,3,3,3,4,4,4,1
487,2,4,2,1,1,4,4,3,2,4,2,4,2,4,2,3,3,4,2,4,4,2,2,2,4,2,3,3,4,4,3,3,3,2,1,3,1,3,3,1,3,1
488,6,4,1,4,2,3,2,2,4,4,1,1,4,1,2,4,1,4,4,3,4,1,1,2,4,1,4,2,3,3,1,3,4,1,1,1,2,4,2,3,2,4
489,17,4,4,4,1,3,2,1,2,2,3,4,4,1,4,4,3,3,2,4,4,3,3,1,2,4,1,2,2,2,4,3,4,1,3,4,3,3,3,1,2,2
490,11,2,2,2,4,1,2,2,1,2,2,4,1,3,4,1,1,3,4,1,3,3,2,2,2,4,1,2,4,1,1,1,4,3,4,1,2,1,4,3,3,4
491,17,3,2,3,4,4,3,3,1,1,2,4,3,4,4,2,3,4,4,3,2,2,3,1,1,2,4,3,3,3,2,1,1,1,4,2,2,1,4,4,3,1
492,15,1,3,3,2,1,2,1,3,2,2,1,1,4,4,1,4,1,3,1,2,3,3,1,1,2,2,1,2,1,3,4,1,4,1,4,2,4,2,4,4,2
493,10,1,1,2,3,4,2,4,2,3,3,2,4,2,1,4,4,3,2,3,4,2,1,2,4,1,2,2,2,1,2,3,1,3,4,1,4,4,4,4,1,3
494,12,3,4,1,2,2,1,3,4,2,3,1,2,2,1,2,4,4,2,4,1,2,3,3,2,1,2,4,2,2,4,3,3,2,2,4,1,2,4,4,2,2
495,8,2,4,1,4,1,3,2,1,3,3,3,1,3,3,4,4,1,1,4,2,1,3,4,2,3,3,4,2,2,4,1,3,1,4,3,1,1,3,3,2,4
496,10,1,1,2,2,4,2,2,1,2,2,3,4,2,3,4,3,2,2,3,4,4,2,3,3,4,2,2,3,2,3,1,1,4,4,1,3,2,1,4,1,1
497,8,3,3,1,4,3,4,1,4,2,2,4,2,4,3,4,4,3,2,2,4,3,1,3,1,1,4,3,4,1,3,1,3,3,2,2,3,1,4,1,3,2
498,5,4,1,3,1,1,1,3,1,4,4,1,4,4,2,2,3,3,4,4,4,2,1,1,3,2,2,1,2,2,1,1,2,1,3,2,2,2,3,4,1,4
499,17,4,2,1,2,1,3,4,3,4,4,3,4,1,1,3,1,2,2,1,3,1,3,1,4,2,1,1,3,4,4,1,1,1,4,3,2,2,3,2,3,4
500,13,4,1,3,3,3,4,4,1,3,3,1,3,2,4,4,1,4,2,1,3,1,4,3,3,3,4,3,2,1,4,2,4,4,1,4,3,2,2,3,3,1
501,4,1,2,1,2,3,4,1,2,3,1,3,2,1,1,2,1,2,4,3,2,3,3,4,2,4,1,4,1,1,4,3,1,3,1,1,2,1,3,1,2,4
502,8,2,1,2,3,4,3,3,1,1,3,3,4,3,2,1,2,2,4,1,1,1,2,4,4,1,4,3,4,1,3,3,3,4,4,1,4,3,4,4,3,2
503,12,1,1,2,4,4,3,2,2,2,1,1,1,3,2,3,2,3,2,3,3,1,4,3,2,2,3,3,3,4,3,3,3,3,2,3,3,2,3,2,4,4
504,15,1,3,2,1,3,2,3,3,3,1,2,1,2,4,3,2,3,3,4,2,2,1,3,3,2,3,1,2,4,2,1,4,1,2,2,4,4,3,1,2,2
505,4,4,2,1,3,4,2,3,4,3,4,3,2,2,1,3,1,2,2,1,4,3,4,2,4,3,3,1,2,4,1,4,4,1,2,4,3,4,1,3,2,4
506,16,3,1,4,1,4,3,2,3,3,1,4,2,2,4,2,2,2,4,4,3,4,2,3,3,2,1,4,4,1,1,2,1,4,4,1,1,2,4,4,4,4
507,6,4,1,1,4,1,2,2,1,2,4,2,4,3,1,2,4,1,4,1,3,4,2,2,1,3,3,3,4,3,3,1,1,3,3,4,4,3,2,4,2,4
508,12,1,4,1,2,1,3,3,1,1,3,4,1,2,2,1,4,1,4,3,1,1,4,1,1,3,4,2,4,1,3,1,2,3,2,4,1,2,4,3,1,4
509,15,1,2,4,3,3,1,4,1,2,2,3,3,1,2,3,3,2,4,3,4,2,4,3,4,1,4,4,2,1,1,1,4,2,2,4,2,4,4,2,1,1
510,7,2,3,1,1,2,3,2,2,2,2,4,4,4,3,1,3,3,2,3,1,1,4,4,4,2,3,1,2,3,4,3,1,3,2,2,1,4,2,3,4,2
511,1,3,1,1,1,4,3,1,4,4,1,2,4,1,1,3,2,3,3,3,1,1,2,3,2,4,2,4,4,4,1,3,2,1,4,2,3,3,1,3,3,4
512,15,2,2,3,3,2,3,3,3,3,1,3,4,2,4,1,1,3,4,1,4,4,4,3,3,4,3,4,2,2,1,3,4,4,4,1,3,2,3,2,3,1
513,11,3,3,2,1,1,1,3,2,1,3,3,3,1,4,2,4,4,4,4,2,2,2,4,1,1,2,3,2,1,2,2,2,4,1,4,3,1,1,3,3,1
514,17,4,2,3,4,4,2,4,2,2,1,3,2,2,4,4,1,4,1,2,4,1,3,3,4,2,2,2,2,4,4,4,2,2,1,4,2,4,3,2,4,3
515,1,4,1,4,2,1,3,3,4,3,3,3,1,2,1,2,2,1,1,4,2,1,3,3,3,2,2,1,3,4,1,1,4,4,1,1,3,1,3,3,3,1
516,13,3,2,2,3,3,3,2,2,2,2,3,3,4,3,1,2,1,3,4,4,2,2,1,2,1,2,1,2,3,1,3,1,2,3,3,4,3,3,1,4,3
517,7,4,1,1,2,3,1,3,1,1,1,2,3,3,2,3,1,2,1,2,2,2,3,4,2,3,3,3,1,3,3,2,1,1,2,4,4,3,1,1,3,1
518,16,2,1,2,2,1,3,1,2,3,1,1,1,2,2,2,2,4,4,1,3,4,3,4,3,3,2,1,2,4,4,2,4,3,2,4,2,4,3,4,4,1
519,7,3,1,2,2,2,1,3,3,2,1,3,1,3,1,3,4,3,3,2,3,2,3,1,2,4,4,2,4,3,1,1,4,3,2,1,1,3,1,2,4,4
520,5,3,3,2,2,3,1,4,2,4,3,3,2,4,1,3,1,4,2,2,1,3,2,2,4,3,3,1,2,4,4,1,4,2,4,2,1,4,1,4,3,1
521,6,2,3,1,1,4,2,2,4,1,3,4,2,4,3,1,1,1,3,1,2,1,3,4,2,4,1,3,2,4,2,3,3,4,3,1,1,3,3,4,2,3
522,14,3,3,1,2,4,1,4,1,3,1,2,4,3,1,1,4,1,2,1,4,3,1,1,3,2,4,1,3,4,2,1,1,3,3,4,2,3,1,4,3,2
523,1,4,3,4,2,1,2,2,3,3,3,3,4,2,2,4,2,3,1,3,1,1,4,1,1,4,4,2,1,2,2,3,2,1,2,3,1,3,4,2,3,1
524,15,2,2,3,3,3,2,1,2,3,2,2,2,3,4,3,4,3,1,1,4,2,1,2,1,3,1,3,3,2,2,1,3,4,1,2,3,4,4,3,1,2
525,15,4,3,1,3,2,4,4,2,2,4,3,4,1,3,1,4,3,1,1,1,4,2,1,4,2,4,2,1,3,1,3,1,2,3,1,1,2,1,2,2,3
526,3,3,2,3,3,4,2,4,3,4,1,1,2,2,3,2,2,4,1,1,3,4,4,4,4,1,4,4,2,3,4,3,3,3,1,3,4,4,2,1,4,3
527,8,2,4,2,3,1,2,4,3,1,2,3,3,2,4,4,3,4,2,4,1,3,2,2,2,3,1,4,4,3,4,4,2,1,1,3,3,4,2,1,1,3
528,8,3,2,3,3,2,2,2,2,4,4,3,2,1,2,4,2,1,4,1,3,2,2,1,4,1,2,3,3,3,4,1,3,3,3,2,3,4,1,3,3,2
529,2,1,2,2,3,3,1,4,3,2,4,4,4,2,3,1,4,3,4,3,4,2,3,4,1,2,1,2,3,4,4,3,3,4,2,2,3,1,1,1,2,1
530,3,1,2,2,4,2,4,4,1,1,4,4,4,2,3,1,4,4,1,2,4,2,2,4,3,1,4,2,4,3,3,1,1,3,1,2,2,3,3,4,1,4
531,14,4,1,4,1,1,3,4,1,3,4,1,4,2,2,3,3,4,3,1,4,3,1,4,1,3,1,3,2,2,2,2,1,3,3,2,1,4,3,2,4,1
532,5,2,4,4,3,1,2,4,1,2,2,1,4,2,1,2,2,4,3,1,4,3,4,4,4,1,4,1,1,3,2,2,1,1,2,3,3,2,3,1,3,1
533,15,2,3,2,3,4,3,1,2,1,3,1,1,3,2,4,2,3,1,2,3,2,1,4,1,2,1,1,2,2,3,2,2,4,4,2,2,3,3,3,2,4
534,1,1,1,2,4,4,1,3,2,2,1,4,2,4,1,4,3,1,2,3,2,1,2,4,2,4,1,1,1,4,1,1,3,3,2,3,4,3,2,1,4,2
535,16,3,3,1,1,3,2,1,2,4,3,2,3,4,3,4,3,4,3,1,4,4,1,1,2,4,1,1,4,1,2,4,1,4,1,2,2,1,1,4,2,4
536,4,1,4,3,2,3,3,4,2,1,4,1,2,3,2,1,3,2,2,4,1,4,2,1,2,1,4,4,1,4,3,3,3,3,3,3,1,4,1,1,3,4
537,14,2,1,1,1,2,2,2,1,2,2,4,1,3,4,1,3,4,1,3,3,4,1,3,1,3,2,2,2,3,1,2,1,1,4,2,4,1,4,4,4,1
538,16,2,1,1,3,2,2,4,4,2,1,4,3,3,4,4,3,3,3,1,2,4,4,4,3,2,4,2,3,4,4,2,4,1,2,3,3,1,2,1,1,4
539,1,3,4,3,2,2,1,4,2,1,1,4,1,4,1,3,4,3,1,3,4,3,4,4,1,4,3,2,2,2,3,4,3,4,1,1,1,1,4,2,3,1
540,14,3,3,1,1,1,4,3,3,3,3,3,4,1,4,1,3,4,3,2,3,2,4,3,1,3,1,3,3,2,2,3,2,4,1,1,3,2,4,1,4,1
541,9,1,1,4,3,4,4,2,4,3,3,2,3,4,2,3,3,3,3,1,2,2,2,1,3,2,1,2,1,3,1,2,3,3,3,1,2,3,4,1,3,3
542,9,4,1,1,2,4,1,1,3,1,4,4,1,2,2,2,2,4,1,4,2,4,3,1,1,2,2,1,4,4,4,4,4,4,2,2,1,3,4,4,1,3
543,6,2,1,1,2,2,4,3,2,4,1,3,3,1,1,2,2,1,3,3,2,2,2,4,3,1,1,3,4,4,1,3,1,1,1,2,2,3,2,1,2,4
544,3,2,3,2,1,4,3,4,3,3,4,1,1,1,2,4,2,1,2,4,4,3,4,2,3,2,1,1,4,4,4,2,4,3,2,2,1,1,3,2,1,2
545,15,1,4,4,2,3,3,1,2,1,4,1,1,1,4,3,1,2,4,4,3,1,4,2,2,2,3,2,2,3,3,3,1,2,3,1,4,4,3,4,3,2
546,5,3,3,1,4,3,4,4,2,4,3,1,3,2,2,2,4,3,2,1,4,1,1,1,3,3,1,1,2,1,2,3,4,2,1,4,3,1,4,4,4,2
547,15,2,3,3,4,2,1,3,2,4,2,3,2,2,1,3,4,1,1,1,1,1,3,1,1,4,2,2,3,4,4,3,2,1,4,4,4,1,2,1,2,1
548,16,1,1,1,2,1,1,4,4,4,3,3,1,2,3,4,3,2,4,2,2,3,1,4,3,4,4,3,3,4,4,1,4,3,4,2,1,1,2,1,4,3
549,11,2,4,3,2,3,3,3,3,2,4,4,2,3,4,3,4,2,2,1,4,3,1,2,1,1,3,4,3,4,1,3,4,2,1,4,3,2,1,3,4,1
550,6,3,4,4,4,3,2,4,4,2,3,3,4,2,4,4,2,3,2,3,2,4,1,3,3,3,2,2,1,2,3,4,2,3,4,3,4,3,2,1,3,3
551,4,1,2,4,2,1,1,3,3,4,1,1,2,2,4,1,1,2,3,4,1,2,4,3,1,4,2,4,2,2,3,3,2,4,4,4,1,2,1,3,4,3
552,6,2,4,1,4,2,2,4,1,2,3,3,2,4,4,3,1,4,3,4,2,2,3,2,3,4,1,1,2,3,3,3,2,2,1,2,3,2,2,3,4,3
553,7,2,3,4,3,3,2,2,3,4,2,4,2,1,2,1,2,2,1,4,1,4,2,3,3,3,2,4,3,1,2,4,2,4,3,2,1,2,1,4,1,4
554,3,1,3,2,4,2,2,2,3,1,4,1,1,1,4,2,4,1,2,2,2,3,4,3,4,4,1,4,4,2,1,3,3,1,1,4,2,3,4,1,1,1
555,13,4,2,3,4,3,4,1,1,4,4,3,2,2,3,1,3,4,1,2,3,1,3,4,4,3,2,4,3,1,2,1,4,2,4,1,4,1,1,3,4,4
556,9,4,2,3,3,3,2,2,4,1,3,2,4,1,4,4,1,3,3,3,3,4,1,4,1,3,3,4,3,1,3,3,4,4,3,1,1,4,3,4,2,2
557,15,2,1,1,3,4,2,3,1,1,4,2,1,1,2,4,1,1,1,3,3,2,4,4,1,3,2,1,1,2,4,4,3,1,2,1,1,1,2,4,1,1
558,2,2,2,4,2,4,2,2,3,3,2,2,1,2,4,3,4,1,1,4,1,4,1,3,1,3,3,3,2,1,1,3,2,4,4,3,4,4,1,3,2,2
559,3,4,4,4,3,1,4,4,4,2,4,2,3,1,4,2,3,3,2,2,4,3,4,4,2,2,3,4,1,4,1,2,4,3,1,1,3,2,2,4,2,2
560,17,4,1,4,3,3,4,2,1,1,2,2,2,2,2,4,2,3,1,3,4,1,4,1,1,3,2,3,3,1,4,2,1,4,2,2,1,1,3,4,2,1
561,7,4,3,2,4,3,1,4,4,3,2,1,4,1,1,2,1,2,1,1,2,1,2,1,2,2,1,3,4,2,2,1,3,4,3,4,3,1,4,4,4,1
562,4,1,1,2,1,3,4,3,4,1,2,2,4,3,3,1,1,3,4,3,3,1,1,1,3,2,1,1,2,1,2,2,4,3,3,4,4,2,4,2,3,3
563,9,3,2,4,2,1,3,1,2,1,3,4,2,3,4,2,3,1,4,4,2,4,1,2,1,2,2,4,1,3,1,2,2,2,3,4,1,2,4,1,4,4
564,2,4,2,2,1,4,4,2,2,2,1,1,3,4,2,1,3,2,3,2,1,4,2,4,4,1,1,2,3,1,4,1,3,1,4,1,2,3,4,2,4,1
565,2,1,3,3,4,1,3,4,4,4,3,2,1,1,2,2,3,1,2,4,2,4,2,1,1,1,2,2,2,3,1,2,1,1,2,2,3,4,3,3,3,4
566,12,4,3,4,4,2,4,1,4,4,2,3,1,3,2,4,1,4,2,3,3,3,2,1,3,1,3,1,3,1,1,2,3,4,1,1,1,1,4,1,1,3
567,15,1,1,1,2,4,2,2,4,2,4,3,3,4,3,3,1,1,3,4,4,4,2,4,4,4,4,3,2,2,4,1,2,4,1,4,3,1,1,2,1,4
568,7,2,3,1,2,2,2,1,2,1,2,3,4,1,1,1,3,3,4,3,4,2,3,2,3,2,4,4,1,2,2,1,3,2,2,4,2,4,4,1,1,2
569,16,2,1,3,2,1,3,2,3,2,2,3,4,2,2,3,1,2,3,4,3,2,1,1,3,3,1,1,3,1,2,2,2,2,3,2,1,4,3,1,4,2
570,2,1,2,2,1,4,1,1,2,2,3,4,2,2,2,1,4,1,1,4,2,1,1,3,4,3,4,1,1,4,3,2,4,1,2,3,1,2,3,3,1,3
571,5,1,2,4,1,1,1,4,3,3,2,1,1,1,2,4,3,1,4,4,1,4,3,1,4,4,3,1,3,2,4,3,4,2,1,4,4,4,4,1,1,4
572,17,2,1,2,4,4,2,3,3,2,1,3,4,1,2,2,4,4,4,1,1,2,4,3,3,3,3,1,2,1,3,4,3,2,4,2,1,3,3,4,2,4
573,14,1,2,4,2,4,3,3,3,4,4,1,4,3,2,2,2,1,1,1,4,3,2,3,2,2,2,1,4,4,2,2,2,2,4,1,2,4,4,2,3,2
574,15,2,2,4,3,2,1,4,3,3,1,3,4,3,4,2,2,3,3,1,3,2,1,3,2,1,3,2,3,4,2,1,2,4,2,2,1,2,3,2,1,1
575,6,1,3,1,2,2,1,1,3,4,1,4,1,2,2,4,1,4,3,1,2,2,1,4,2,3,2,1,3,4,4,3,3,1,4,3,2,1,1,3,3,2
576,10,3,4,1,4,1,3,2,1,1,3,3,2,3,2,2,1,1,3,4,2,2,3,2,2,2,2,3,4,2,3,3,4,1,2,1,1,1,1,3,1,4
577,6,3,3,1,4,2,4,3,2,4,4,2,3,1,2,4,2,4,2,3,2,1,4,2,3,1,3,4,3,3,2,1,2,3,2,4,2,2,4,2,1,3
578,6,2,4,2,1,4,4,4,4,1,1,1,4,3,3,3,2,2,1,2,1,3,3,2,2,4,3,3,1,1,2,3,3,2,3,3,1,1,3,4,4,1
579,14,2,1,4,4,3,3,4,2,3,1,4,4,4,3,2,1,2,3,1,2,2,3,4,4,2,1,4,2,1,2,1,3,1,2,4,4,4,1,2,3,3
580,11,4,2,3,2,4,1,4,3,3,2,2,2,2,4,2,4,2,4,4,4,1,2,2,4,1,1,2,1,1,2,2,4,2,4,1,4,3,2,2,3,1
581,15,3,4,4,4,1,1,3,4,3,4,4,2,4,3,1,2,4,3,2,4,2,2,1,1,3,4,2,2,1,2,2,4,1,1,4,1,3,2,2,4,2
582,3,1,1,4,3,2,2,1,3,1,1,2,3,1,4,1,3,4,2,1,4,2,2,1,2,3,4,2,2,2,1,1,4,1,4,3,4,4,3,2,2,4
583,13,3,4,4,4,3,2,2,4,3,4,3,2,1,3,4,4,3,3,3,1,4,1,3,4,1,2,3,3,4,2,2,2,3,2,2,2,1,4,3,3,3
584,10,2,2,2,3,4,4,1,2,3,3,1,4,4,4,3,4,2,2,1,2,1,2,4,1,4,2,3,3,3,1,3,3,1,1,2,1,3,2,2,2,4
585,10,2,3,2,4,4,1,1,3,1,4,1,3,1,1,1,2,1,1,3,1,1,2,2,4,1,3,2,4,3,1,3,4,4,2,3,3,1,1,3,2,2
586,17,1,2,2,1,4,2,4,1,2,3,2,1,3,3,1,1,2,3,2,3,4,4,4,2,1,3,2,1,2,4,3,1,4,4,2,2,4,2,2,4,2
587,4,4,1,3,2,2,2,2,4,1,2,3,3,2,3,3,4,3,3,4,2,3,3,1,3,3,4,4,4,2,1,2,1,4,3,3,4,2,1,4,3,2
588,13,2,2,1,3,3,2,2,4,2,1,1,4,4,3,1,1,4,1,4,4,3,3,1,4,4,3,2,1,1,1,4,3,3,1,2,3,4,1,3,4,3
589,8,4,1,1,4,1,1,1,3,3,1,2,1,2,4,1,4,4,3,2,3,2,4,3,3,1,4,3,1,1,4,2,2,2,4,4,2,3,2,4,2,1
590,8,3,3,4,3,3,1,4,4,3,3,4,2,2,4,3,3,2,1,1,2,4,4,4,3,3,4,2,2,3,3,4,4,4,3,1,1,3,2,2,1,1
591,7,3,4,1,3,1,3,2,4,3,3,2,4,1,4,3,4,1,1,1,4,4,2,1,1,3,4,1,3,3,4,3,4,4,2,1,1,2,1,4,4,4
592,3,1,1,1,1,3,1,3,1,3,1,1,4,1,1,3,4,4,3,2,4,2,4,4,4,3,4,2,3,1,4,4,4,2,4,4,2,2,4,4,1,4
593,3,3,2,2,2,3,2,3,4,2,3,1,1,4,3,3,2,1,3,1,1,2,4,2,1,1,1,1,4,3,4,1,1,1,2,2,3,2,1,3,4,4
594,10,4,1,3,1,2,3,1,1,2,4,1,2,1,4,1,3,2,1,2,3,1,2,3,4,2,2,4,3,1,4,4,3,3,3,1,3,4,3,3,3,2
595,9,2,4,3,2,3,2,4,1,4,1,2,2,2,3,1,1,4,2,2,3,1,1,1,2,1,2,2,3,2,2,3,3,3,3,2,1,3,3,4,4,3
596,12,2,1,4,2,1,1,1,3,3,4,1,4,3,4,2,1,4,1,2,1,1,4,1,4,2,2,3,2,4,4,1,2,3,3,2,1,2,1,3,3,1
597,13,2,2,3,3,1,4,3,3,2,3,4,4,1,3,2,1,3,1,4,2,1,2,4,1,1,4,2,1,1,3,1,1,1,1,2,1,3,4,3,4,3
598,15,3,4,3,3,3,2,1,2,4,2,1,1,4,4,4,1,1,4,3,3,4,1,3,4,3,1,2,4,4,4,2,4,1,3,4,2,2,4,4,3,4
599,2,4,1,1,2,2,1,4,1,3,4,2,3,1,1,2,2,3,3,2,3,2,2,1,1,1,1,4,2,3,1,1,4,3,2,3,1,3,1,4,1,4
600,3,4,2,1,1,2,3,3,4,3,4,2,2,1,1,4,3,3,4,3,2,1,4,3,3,3,4,2,3,4,1,2,1,2,3,4,3,1,2,3,1,3
601,17,2,4,1,1,1,2,1,2,3,4,1,1,1,3,1,3,3,3,4,4,4,2,3,2,2,4,4,2,2,3,1,4,1,4,1,2,3,2,3,1,2
602,12,3,3,3,3,4,2,2,3,1,2,1,1,4,4,2,3,4,2,4,4,2,2,2,3,4,4,3,3,3,1,3,2,3,2,1,2,4,2,4,2,4
603,2,3,1,1,3,4,4,4,4,1,2,2,4,4,3,3,4,4,1,3,3,2,3,1,1,1,2,2,1,4,1,2,2,2,3,4,3,2,4,2,2,4
604,4,2,4,1,1,4,1,3,2,1,4,1,3,3,3,4,1,3,4,4,1,2,3,4,2,1,2,2,4,3,2,3,1,3,3,4,4,2,2,2,2,4
605,4,4,4,1,2,1,3,2,4,2,2,2,1,4,1,1,3,4,4,3,3,2,4,1,2,4,1,2,3,3,4,3,1,3,2,1,3,4,4,1,4,4
606,10,4,2,2,4,4,4,4,2,3,1,1,3,3,2,1,2,3,3,2,3,4,3,3,3,1,4,3,1,4,2,4,3,1,1,2,2,1,1,3,2,2
607,2,1,2,4,4,4,3,2,3,3,4,2,3,4,2,1,3,1,3,4,2,3,2,1,1,4,1,2,3,2,4,2,3,4,4,2,2,3,3,1,1,2
608,1,4,4,2,2,2,2,3,3,3,1,4,3,3,2,2,3,4,4,1,2,4,4,1,4,1,3,4,1,2,4,1,3,1,3,4,4,4,1,4,4,4
609,4,3,4,1,4,1,3,3,1,2,2,3,4,3,2,3,1,4,2,4,3,1,3,3,4,3,3,2,4,4,2,2,4,1,2,3,1,2,2,3,4,1
610,14,2,2,4,3,4,4,2,1,4,3,2,2,1,2,4,4,3,1,2,2,4,1,4,2,1,1,3,2,3,3,1,2,4,3,2,2,2,2,2,2,1
611,14,1,1,4,3,2,3,2,3,3,1,1,1,4,3,3,1,4,2,2,4,4,3,1,4,2,1,3,1,3,1,3,3,1,2,4,4,2,1,2,4,2
612,8,4,2,1,2,4,2,3,4,2,1,2,3,3,2,3,1,1,4,1,4,3,4,2,4,1,4,1,2,1,3,2,4,1,1,1,2,1,2,2,2,4
613,7,1,1,2,4,3,2,2,4,3,2,4,3,3,4,2,3,1,1,3,3,1,3,2,3,2,1,4,2,4,3,4,1,4,4,4,2,1,3,4,3,3
614,2,4,1,4,4,3,2,3,4,3,4,3,4,2,1,1,3,1,4,4,3,2,4,3,2,1,1,2,2,3,3,2,2,3,4,1,2,4,1,3,1,3
615,9,4,4,3,3,3,4,3,3,2,3,4,1,4,1,4,2,4,1,1,1,3,2,1,3,3,1,1,2,3,1,1,1,2,3,3,4,1,2,2,3,3
616,13,1,4,1,3,1,1,4,1,3,4,2,1,4,3,3,1,1,1,1,3,2,1,3,3,2,2,1,2,4,2,4,1,1,3,2,2,2,3,2,1,2
617,5,1,1,4,2,4,3,3,3,3,2,2,3,3,3,2,4,2,3,4,3,3,3,4,3,1,1,1,3,2,3,4,1,3,1,2,4,2,1,1,1,4
618,2,1,2,4,2,3,4,3,3,4,3,1,2,4,3,2,3,4,1,2,1,3,4,1,4,2,1,3,2,3,4,4,3,2,1,4,1,3,3,2,2,4
619,14,2,3,1,2,1,4,2,1,2,1,4,2,2,3,4,2,1,1,4,1,3,1,3,3,3,4,4,1,1,4,2,4,1,3,2,4,3,1,3,4,1
620,13,4,1,1,2,3,3,4,3,2,3,3,4,1,2,4,2,2,3,4,1,2,4,2,1,3,1,3,2,2,3,1,3,2,1,3,1,1,1,4,2,1
621,3,1,3,3,1,1,2,1,3,3,1,4,2,2,2,1,4,4,2,1,4,3,3,2,3,2,3,4,3,1,1,1,2,3,1,2,1,2,3,1,4,4
622,16,4,4,3,2,4,4,2,3,2,1,3,4,3,1,3,1,3,2,1,4,3,2,1,2,4,3,1,3,3,1,3,4,2,1,2,1,2,1,2,1,2
623,17,4,3,2,2,2,1,1,3,4,3,1,2,2,2,3,1,2,1,3,2,1,4,4,2,1,1,4,4,4,1,3,4,2,2,2,3,3,2,4,3,3
624,14,3,2,2,1,2,3,4,2,4,1,2,3,2,2,4,4,2,2,4,3,3,1,2,2,1,1,3,2,4,4,2,3,3,4,2,4,1,2,3,4,4
625,17,1,4,3,2,3,4,4,3,1,1,2,1,3,3,1,3,4,4,4,3,1,4,1,4,4,3,4,1,2,2,1,3,4,4,1,2,1,1,4,1,4
626,14,4,4,1,1,4,2,1,2,1,2,3,1,3,1,2,4,2,4,2,3,4,2,3,1,1,3,4,3,2,1,3,4,2,2,2,3,4,3,1,3,1
627,4,1,2,2,2,4,4,4,3,1,3,3,1,1,2,1,3,4,4,2,2,1,2,2,1,1,2,4,4,4,4,2,1,1,4,3,1,3,1,2,3,2
628,7,3,2,4,3,3,1,1,2,1,2,1,4,2,3,1,1,2,1,4,1,2,4,2,3,3,2,4,4,2,4,2,1,3,3,2,4,3,4,3,1,4
629,12,1,3,2,4,2,3,3,4,1,3,4,1,4,3,1,2,1,2,2,4,3,4,3,2,2,2,1,1,4,1,2,4,1,1,4,2,3,2,3,3,3
630,16,2,3,1,1,1,1,1,1,1,2,2,3,1,4,4,3,4,3,3,1,4,3,4,2,1,2,2,1,1,4,1,1,1,3,1,2,4,3,1,2,4
631,4,4,2,2,3,2,3,1,4,1,4,3,1,2,2,1,2,2,3,3,2,2,2,3,3,1,2,1,1,1,2,3,1,4,2,1,4,3,1,3,4,4
632,5,4,4,4,3,1,4,3,2,1,2,3,4,1,4,1,1,4,4,2,2,1,3,4,3,2,1,4,1,1,4,1,2,1,4,1,1,2,1,1,1,1
633,16,2,4,2,2,3,4,4,3,3,1,3,3,3,3,1,3,1,4,4,4,4,2,2,1,2,3,2,1,4,1,3,4,1,4,3,3,1,2,3,1,4
634,11,1,2,2,4,4,2,1,1,3,4,3,1,3,3,4,1,1,3,1,4,3,4,3,2,1,3,4,2,4,4,1,2,1,4,4,2,2,4,2,4,1
635,10,3,1,4,3,2,3,4,4,2,4,4,3,4,1,2,3,1,4,1,4,1,2,2,1,2,2,2,3,3,3,3,2,3,3,2,1,2,4,1,1,4
636,8,3,1,4,3,1,4,2,2,4,4,1,4,4,4,4,3,4,4,2,1,2,3,3,2,1,1,3,2,4,1,2,3,1,3,4,4,1,2,4,4,3
637,16,3,2,1,3,4,4,4,1,3,1,2,2,3,3,2,1,2,4,1,2,1,3,2,4,2,1,3,3,2,4,4,4,3,2,2,2,2,1,3,2,2
638,9,3,2,4,4,4,4,3,1,1,1,4,2,1,4,2,1,2,2,3,2,3,4,2,1,4,4,1,4,4,4,4,1,4,1,1,1,3,4,1,4,4
639,15,2,4,3,1,2,1,1,4,3,4,1,4,3,1,3,4,3,2,4,1,1,1,4,2,3,4,3,2,3,2,1,3,2,3,2,3,4,3,2,4,3
640,15,4,2,4,4,1,3,4,3,1,3,1,4,4,3,2,1,1,2,4,3,2,1,2,3,2,3,4,2,3,4,1,2,1,4,2,2,2,3,4,1,4
641,11,3,3,3,4,3,3,1,3,2,3,1,1,4,4,4,3,2,4,3,4,2,1,4,3,3,2,2,3,1,4,3,3,2,4,1,3,3,2,2,2,1
642,5,4,2,4,4,4,2,2,4,4,1,2,2,3,1,1,2,2,2,2,4,3,4,4,3,3,2,3,1,2,3,1,1,1,4,4,2,2,2,3,2,2
643,11,2,4,4,2,1,2,4,2,3,2,1,3,4,4,1,4,4,1,1,4,4,3,1,1,4,3,2,4,3,2,4,1,2,1,3,3,4,3,3,1,3
644,7,3,2,4,1,1,2,4,1,1,2,3,3,1,3,3,3,4,2,2,3,2,2,3,2,4,4,3,3,3,1,3,1,2,4,2,1,3,2,4,3,3
645,15,4,4,2,1,4,4,4,1,1,1,1,4,1,3,2,2,4,4,1,4,1,3,2,1,1,3,3,3,2,1,1,1,1,4,4,4,3,1,3,3,4
646,5,2,4,3,2,3,1,1,1,3,1,4,1,1,1,4,3,2,2,1,3,1,2,1,2,3,4,1,3,4,3,4,4,4,3,2,1,1,2,1,4,2
647,11,4,4,4,2,3,3,4,2,4,3,2,1,1,3,1,3,4,4,1,2,2,3,4,2,1,4,3,3,4,4,3,4,4,1,4,3,1,2,4,4,3
648,15,2,3,1,3,3,2,3,3,3,2,2,1,1,1,3,1,1,4,1,3,2,3,1,4,3,2,2,4,2,2,2,1,4,3,3,3,4,4,1,1,4
649,4,3,1,2,3,3,3,3,1,3,3,4,4,3,4,1,3,2,4,1,1,4,2,3,1,1,3,2,3,4,3,1,3,3,1,1,3,1,3,1,3,2
650,2,4,3,3,3,2,4,2,4,3,3,1,3,4,2,2,1,1,3,1,3,3,1,4,2,1,4,3,1,4,1,3,1,4,3,4,2,3,3,2,1,2
651,13,3,2,3,3,2,1,1,3,2,2,3,1,2,2,3,1,2,3,1,1,1,4,1,1,4,1,2,3,3,1,3,3,2,2,1,3,1,2,3,4,2
652,13,1,1,3,4,1,4,2,3,3,2,2,2,1,3,3,4,2,4,3,3,3,2,2,1,2,3,4,1,4,1,4,2,1,4,2,3,2,2,2,1,3
653,9,2,4,2,1,1,2,1,3,4,2,3,1,3,1,1,1,3,4,2,3,3,4,1,3,4,4,4,2,4,2,1,4,3,2,1,2,2,3,3,2,1
654,15,2,2,1,1,4,3,4,1,1,2,3,2,3,3,2,2,3,3,2,3,1,1,2,3,2,4,4,1,1,2,2,2,3,3,4,3,4,2,1,2,2
655,10,3,4,2,4,4,2,4,2,1,3,1,2,4,1,1,4,2,3,1,4,3,2,2,3,2,3,3,3,4,2,2,3,2,4,2,1,3,4,1,4,2
656,13,1,3,1,3,2,1,4,3,1,1,2,4,3,4,3,3,2,2,2,3,3,2,3,3,1,4,1,1,1,1,2,4,4,1,1,4,4,2,4,4,2
657,7,2,3,3,4,3,1,1,4,2,1,3,3,3,2,1,2,4,1,3,1,2,2,3,4,4,4,2,4,4,4,2,2,3,3,1,2,4,1,2,3,1
658,3,4,2,2,3,2,3,4,1,2,2,3,3,2,4,4,1,1,3,4,1,4,4,2,2,2,4,4,1,4,3,3,1,3,2,2,1,1,3,3,2,2
659,16,1,4,1,4,4,1,2,3,1,4,3,4,4,1,3,2,1,3,2,4,1,2,2,2,2,1,4,2,1,4,3,4,2,3,3,1,4,4,3,2,1
660,7,4,3,4,2,1,4,2,1,1,4,1,1,1,1,4,4,4,4,3,3,2,1,2,3,1,3,4,3,4,3,3,4,3,3,3,2,2,3,3,3,3
661,13,2,4,3,2,1,1,4,2,3,1,2,1,2,4,3,4,1,3,2,3,2,3,3,4,3,1,4,2,1,4,1,3,3,1,2,2,3,3,1,2,3
662,4,1,3,3,3,1,3,4,1,4,3,4,3,2,2,1,3,4,4,1,2,1,1,1,2,1,1,4,4,3,1,2,3,1,3,3,2,2,3,4,1,3
663,3,2,3,2,1,1,3,2,3,2,1,1,1,1,3,2,2,3,4,2,4,1,4,1,3,1,3,4,4,4,3,2,3,3,4,4,3,2,1,2,2,2
664,8,1,4,2,2,4,4,3,2,4,4,2,3,1,1,2,4,1,2,1,3,2,3,1,2,1,3,4,4,4,1,4,1,3,4,3,2,2,2,1,2,3
665,15,4,4,4,3,1,1,1,1,4,3,1,4,2,4,3,2,2,4,3,3,3,4,3,3,4,1,2,2,3,3,4,1,2,1,2,1,4,3,3,4,4
666,10,4,3,2,1,1,4,1,1,4,3,2,2,1,2,2,2,3,4,1,3,4,3,3,3,4,4,4,4,1,1,4,2,3,4,1,4,4,4,4,2,3
667,9,3,2,4,4,1,1,2,3,3,3,2,2,1,3,1,2,1,4,4,4,2,3,1,1,2,1,2,2,1,3,1,2,2,2,2,2,3,3,4,4,3
668,1,2,4,4,3,1,3,2,3,4,1,3,3,4,4,1,1,4,2,3,2,2,4,2,2,1,4,3,2,2,3,3,1,1,3,2,2,4,1,1,1,2
669,17,4,2,4,3,3,1,1,4,4,3,4,1,3,2,1,4,3,4,1,2,2,3,2,3,4,1,3,2,4,3,3,3,1,1,1,3,2,3,2,1,3
670,12,2,4,2,1,2,2,1,4,1,1,4,4,3,4,2,1,2,4,3,2,3,4,3,1,2,2,1,1,1,4,3,4,2,2,1,4,3,4,4,4,3
671,4,4,3,3,4,4,4,4,1,4,3,4,4,2,1,2,1,2,2,4,3,1,4,2,2,4,1,2,1,4,2,3,2,3,3,1,3,3,4,2,2,2
672,11,4,2,2,4,2,3,2,1,4,4,2,4,4,2,1,1,4,2,1,1,4,1,2,3,2,3,2,2,4,3,1,1,2,2,1,4,4,4,3,2,2
673,16,4,1,1,3,2,2,4,4,1,3,4,1,1,3,2,1,3,4,2,4,4,2,2,4,2,4,2,1,2,2,3,4,3,3,1,2,2,4,4,3,3
674,11,2,2,3,3,4,2,2,4,1,4,1,3,3,4,4,2,2,2,1,4,3,3,1,2,2,1,3,3,3,1,3,3,3,4,2,2,1,1,4,4,1
675,1,4,3,2,4,1,4,3,1,4,4,2,3,4,4,4,4,1,4,2,4,2,4,1,1,1,3,3,1,2,4,1,3,2,3,2,3,2,2,3,3,3
676,9,3,2,2,2,2,1,3,4,3,2,1,1,4,2,4,3,2,3,1,4,2,3,2,3,4,1,1,2,1,2,2,2,4,1,2,1,2,3,1,3,3
677,16,1,3,4,2,1,4,4,4,3,2,4,2,4,1,4,4,1,4,1,1,1,4,3,4,2,3,3,1,1,2,4,2,2,3,4,4,3,2,2,3,3
678,10,4,1,2,1,4,4,3,2,1,3,3,4,2,3,4,1,1,1,2,1,2,1,3,2,3,2,3,3,2,2,4,2,2,4,1,2,2,4,2,1,4
679,1,1,2,3,2,4,3,4,4,3,4,3,4,2,4,1,1,1,4,4,2,3,1,2,1,4,3,3,4,2,3,3,4,1,2,4,1,4,4,1,3,1
680,7,4,3,3,4,1,2,3,1,4,2,3,2,3,3,3,2,4,3,2,1,1,4,1,2,3,4,2,2,3,2,4,1,1,1,4,4,3,2,3,2,1
681,17,2,1,4,3,2,4,4,2,3,1,1,3,4,4,3,4,2,4,3,1,1,2,1,1,1,4,4,4,3,3,4,2,4,3,1,4,1,2,2,2,2
682,16,1,4,2,4,3,2,4,3,4,4,2,4,1,4,1,1,3,2,1,4,2,3,2,4,3,1,3,2,2,3,1,2,3,1,4,2,1,4,1,1,3
683,3,4,4,2,1,1,4,1,4,4,3,1,2,2,1,2,2,2,4,3,2,3,2,2,4,1,1,4,1,1,2,2,4,3,1,3,3,4,1,3,4,4
684,15,3,2,3,4,1,2,1,2,4,2,3,4,2,2,4,4,2,1,3,4,2,2,2,2,3,1,1,2,1,2,2,2,2,2,2,1,4,2,4,1,2
685,2,2,1,3,1,2,2,1,3,3,3,1,2,4,2,4,1,4,2,1,1,3,2,1,4,4,4,3,2,3,4,3,3,3,3,4,1,2,1,2,3,2
686,3,3,3,2,1,4,3,4,2,4,2,1,4,1,1,1,3,4,4,1,4,4,2,4,3,1,3,2,2,4,1,4,1,1,1,4,3,1,3,1,1,4
687,17,1,3,1,2,3,2,2,3,3,2,4,2,4,2,2,1,2,1,4,1,4,4,2,3,3,2,4,3,3,2,2,3,3,1,2,2,1,1,3,1,4
688,16,4,4,3,3,1,1,4,4,1,4,2,2,3,2,1,1,1,2,4,1,3,4,4,4,2,1,1,3,1,3,4,3,1,2,4,4,1,2,2,1,3
689,6,1,3,1,3,4,4,4,3,2,1,2,4,2,2,1,1,1,4,3,2,3,4,1,2,2,3,1,3,2,3,3,2,3,2,1,3,2,1,3,4,4
690,3,4,2,2,4,1,4,2,1,4,1,3,1,3,1,3,1,1,4,2,2,2,4,2,3,4,1,1,2,1,2,4,4,4,4,3,4,2,3,2,4,4
691,12,2,2,1,3,3,1,1,2,3,4,3,3,2,4,3,1,4,4,1,3,1,4,4,2,1,4,4,2,4,4,4,4,2,1,2,2,2,1,2,4,1
692,15,1,1,4,4,1,4,1,1,1,2,3,2,1,3,4,1,2,4,2,2,1,2,3,2,3,3,3,3,2,1,2,4,3,4,3,2,3,1,3,1,3
693,15,2,3,1,1,3,1,3,1,3,1,4,2,2,3,3,4,3,3,3,4,1,3,1,1,2,3,3,4,4,1,4,4,2,4,2,3,3,1,2,2,2
694,1,4,3,3,4,2,1,4,4,4,1,2,2,2,4,4,3,1,4,2,2,2,4,1,2,4,2,3,2,1,4,4,2,3,1,3,4,2,1,4,3,1
695,10,3,3,1,2,2,2,2,3,2,2,3,4,2,2,3,3,4,4,1,1,4,1,4,4,2,3,2,4,4,2,4,4,1,3,3,2,1,2,2,3,3
696,9,3,4,2,3,2,3,2,2,2,4,3,2,1,4,3,1,3,1,1,2,4,3,1,1,4,1,1,3,1,4,2,2,4,3,2,3,3,2,4,2,4
697,5,1,1,1,1,4,3,2,2,4,3,4,2,1,3,2,1,4,3,2,2,4,2,4,2,3,2,3,1,3,2,4,3,3,1,4,2,4,2,4,1,3
698,17,1,3,3,4,3,1,1,3,2,2,4,1,2,1,4,2,3,3,3,3,3,3,4,4,3,3,1,2,3,4,2,2,2,3,3,2,2,4,1,2,1
699,12,4,3,1,4,2,3,4,3,2,4,3,2,2,3,4,1,2,2,4,3,2,4,3,4,2,3,1,1,1,1,3,2,2,4,3,4,1,1,4,4,4
700,4,3,1,2,2,3,3,1,2,4,3,4,2,3,1,2,3,2,1,3,4,1,1,3,2,2,4,2,2,2,4,4,2,4,3,3,2,2,1,4,3,3
701,10,3,3,2,1,2,1,4,4,3,3,2,2,2,2,3,1,2,4,1,4,1,1,1,2,1,1,3,2,4,3,3,2,4,1,3,2,2,2,4,1,1
702,17,4,4,4,1,3,4,2,1,2,1,2,2,1,2,2,2,1,1,2,4,2,1,2,2,3,2,3,2,4,2,2,1,4,4,4,4,3,4,3,1,2
703,7,2,1,2,2,2,4,1,3,4,2,3,1,1,1,1,3,4,3,3,3,4,1,2,3,1,1,3,4,2,1,4,1,4,1,2,1,4,4,2,3,3
704,15,3,1,3,4,4,1,2,3,1,1,2,3,4,3,4,4,3,4,2,4,3,2,3,1,4,2,2,3,3,3,3,2,3,4,4,1,3,4,3,1,4
705,6,1,1,1,3,4,1,3,3,4,2,1,2,4,4,3,2,3,1,3,1,1,4,3,3,2,2,4,4,4,2,2,3,2,2,4,1,2,3,2,3,1
706,11,4,4,4,3,1,3,2,1,1,2,2,4,4,2,1,1,1,2,3,1,1,4,3,3,2,1,2,4,2,2,1,4,1,1,3,1,2,3,4,1,2
707,7,4,1,4,1,2,1,3,1,1,1,3,4,2,3,1,2,2,1,4,4,2,1,2,4,4,3,1,4,1,4,1,1,1,1,4,3,3,1,1,3,3
708,16,2,4,4,1,2,2,4,3,1,2,3,4,4,1,3,3,1,3,1,1,4,2,2,4,2,4,2,2,2,1,1,4,2,1,4,4,1,3,4,1,1
709,10,1,2,1,1,1,4,1,1,2,4,1,1,2,2,3,2,1,1,1,3,4,1,4,2,3,1,2,3,2,3,3,4,4,1,1,4,1,4,1,2,3
710,14,3,3,1,4,2,2,2,1,1,2,4,4,4,4,4,4,1,3,2,2,2,3,4,2,3,1,4,4,1,1,3,4,1,1,4,1,4,2,1,3,3
711,6,3,3,2,1,1,2,2,4,1,1,1,2,4,1,2,1,3,1,1,2,1,1,2,3,1,3,1,3,2,1,2,1,3,2,4,2,2,4,4,1,3
712,6,1,3,2,3,1,3,4,4,4,2,1,4,2,3,4,1,1,4,2,1,1,1,2,3,3,4,2,2,3,3,3,2,3,1,2,1,4,2,1,1,4
713,1,2,3,1,4,3,2,3,1,2,3,1,2,2,3,2,1,3,2,3,3,4,3,4,2,4,3,2,4,1,4,3,3,4,1,2,2,2,1,3,2,4
714,13,4,4,1,1,2,1,1,1,4,1,2,2,4,4,2,2,3,2,4,4,3,1,4,2,4,2,3,3,2,2,1,4,2,3,4,3,3,2,4,1,1
715,9,1,1,1,2,1,4,3,1,1,4,4,2,4,1,2,1,3,3,4,2,1,1,2,2,4,1,3,1,4,1,1,1,2,2,1,4,3,1,1,1,2
716,11,4,4,2,1,2,2,2,2,1,2,4,3,3,1,1,4,3,3,3,2,1,4,1,1,2,4,2,2,4,4,3,1,4,3,3,2,2,4,2,2,1
717,7,1,3,3,3,1,1,2,1,4,1,2,2,4,2,4,2,3,2,2,4,1,1,2,4,4,4,2,4,3,1,4,2,3,1,4,1,4,1,3,4,3
718,11,2,4,3,2,2,1,3,1,3,2,2,4,4,3,2,1,4,1,1,1,2,3,1,1,4,2,4,1,4,2,3,3,1,1,2,1,1,1,2,3,3
719,9,2,2,1,4,3,2,3,3,2,3,2,2,3,2,1,4,3,3,4,1,2,2,3,1,2,2,2,3,1,3,4,4,2,2,1,1,3,4,2,4,1
720,3,4,1,3,3,1,4,1,3,3,4,4,1,1,1,4,3,4,1,4,2,4,2,1,3,1,3,3,1,1,3,1,1,2,3,2,4,4,2,2,2,2
721,16,1,4,1,4,4,1,1,4,4,4,3,4,2,4,4,1,3,1,1,1,1,1,3,4,1,3,1,4,1,2,1,2,4,3,4,1,4,4,2,2,4
722,4,4,1,4,4,2,2,2,4,1,1,4,4,2,4,4,4,1,4,3,3,3,4,4,1,1,4,3,4,1,3,3,4,1,2,3,4,3,4,3,3,3
723,2,4,3,2,3,4,1,3,3,1,1,4,1,3,4,2,2,2,2,4,2,2,2,4,4,2,2,2,1,4,2,3,4,1,1,1,2,3,4,4,4,3
724,12,2,2,1,3,1,1,3,3,2,2,4,1,1,4,1,3,2,1,1,1,3,1,4,4,1,4,3,4,4,4,4,1,1,4,3,4,3,1,1,2,4
725,4,3,3,1,4,2,1,3,1,2,4,3,3,1,4,2,2,2,2,2,4,4,3,3,3,4,1,1,3,1,2,3,1,3,4,1,4,1,2,2,4,2
726,15,1,3,3,4,4,2,1,4,2,1,3,1,4,4,1,2,1,4,2,2,2,2,1,1,2,3,3,2,2,3,2,1,1,1,3,3,2,3,3,1,1
727,16,3,4,2,4,4,1,2,2,1,3,3,4,1,1,4,2,1,1,4,3,1,1,1,1,4,1,3,2,4,3,2,2,2,4,2,2,2,2,1,3,4
728,13,1,1,3,1,2,4,4,2,1,4,2,2,4,4,1,1,4,4,1,3,3,2,1,3,4,3,4,1,4,2,4,4,3,3,2,1,1,3,1,4,4
729,10,3,4,3,2,4,4,4,4,4,4,1,2,1,1,1,3,3,4,2,2,1,3,2,4,4,4,3,3,1,3,1,2,3,3,1,2,4,3,4,1,1
730,13,4,2,3,2,2,4,4,4,1,3,1,3,3,2,4,1,1,1,3,3,3,2,2,2,4,4,2,1,2,2,4,3,2,3,2,1,2,4,1,3,2
731,3,2,2,4,4,1,2,1,2,2,2,1,3,1,1,3,2,2,2,3,2,2,2,1,3,3,2,1,4,4,1,2,4,2,3,2,2,4,1,4,4,2
732,16,1,1,1,4,2,2,3,1,3,2,3,4,3,4,1,3,4,3,4,3,1,1,2,2,4,2,3,3,3,4,1,1,3,4,3,1,4,2,2,1,4
733,17,2,1,3,4,1,3,3,4,4,3,3,4,2,4,2,1,4,2,4,4,2,2,1,4,2,4,2,3,3,2,3,4,3,3,2,2,1,4,3,1,3
734,16,3,2,4,4,4,2,2,4,2,2,3,3,3,2,2,4,3,4,3,4,1,4,3,4,2,1,2,1,1,2,3,4,1,1,1,2,3,4,1,2,1
735,13,4,1,4,3,2,2,4,2,3,2,2,1,2,3,4,4,2,3,2,3,3,3,2,3,3,2,2,3,2,4,1,2,4,1,2,4,2,3,1,4,3
736,11,3,2,4,3,1,4,2,2,3,2,3,3,1,4,3,4,1,4,2,3,2,1,2,2,4,3,1,4,1,3,2,1,3,4,1,4,3,4,1,3,1
737,11,2,1,2,3,1,2,4,4,4,4,1,2,3,3,2,3,3,4,4,2,4,2,2,1,4,3,3,3,4,2,1,3,1,2,2,2,1,4,3,1,4
738,12,1,2,4,4,3,4,4,4,3,4,1,4,1,3,4,4,2,3,2,1,4,3,2,3,2,3,4,4,1,4,3,3,3,3,4,2,3,3,1,2,4
739,7,3,3,1,1,3,3,2,3,4,2,4,1,4,3,4,3,1,4,1,4,2,2,2,1,3,1,2,1,2,1,1,2,4,3,1,4,1,2,4,1,1
740,10,1,3,4,2,3,1,3,1,2,1,4,1,1,3,3,1,2,4,2,1,4,2,2,1,2,3,1,3,1,3,3,4,4,3,1,2,3,3,3,1,4
741,7,3,1,3,4,2,2,4,4,4,2,2,4,1,4,3,4,4,3,1,4,2,2,1,3,1,3,4,2,2,2,4,4,3,3,4,1,3,2,4,2,1
742,13,1,1,3,4,2,3,4,2,1,4,2,1,1,1,2,3,1,1,4,2,1,4,1,2,2,4,2,1,3,1,4,4,4,3,4,3,2,1,1,1,2
743,9,3,1,4,2,2,1,4,2,2,4,3,2,3,3,1,2,4,2,4,4,3,1,3,1,1,4,1,3,2,3,3,1,4,2,1,4,2,1,4,4,2
744,16,1,4,1,3,4,3,3,4,3,1,3,2,4,2,1,2,3,1,1,2,3,1,4,3,1,3,3,1,3,3,3,1,1,4,3,1,2,4,3,1,2
745,10,3,3,2,1,1,4,3,3,1,4,3,3,3,3,3,1,4,1,4,4,3,4,1,2,3,1,3,1,4,2,1,1,4,1,2,3,4,3,1,3,3
746,1,4,3,2,3,2,2,2,2,2,1,4,4,4,3,1,3,4,1,2,3,3,4,3,3,1,3,4,1,2,2,2,2,2,4,4,4,2,2,4,1,1
747,16,1,3,4,2,3,4,1,3,1,2,1,4,1,1,4,3,3,4,4,3,3,2,3,3,4,4,4,4,1,4,4,4,1,3,2,2,1,3,2,4,1
748,13,3,3,2,2,2,2,3,2,4,1,3,1,1,4,2,2,4,2,2,3,3,1,1,4,4,1,2,3,4,2,1,4,3,2,1,2,3,4,4,1,2
749,15,3,4,3,2,1,4,3,3,2,4,4,3,2,4,3,2,4,2,1,3,2,3,2,1,1,1,2,2,3,3,3,1,2,1,4,1,4,1,1,4,1
750,7,4,4,1,1,4,2,2,4,1,4,2,4,3,2,1,3,1,3,3,1,3,2,3,2,2,2,1,2,4,1,4,2,4,4,1,2,3,4,3,1,3
751,12,4,3,1,1,1,2,1,4,1,2,2,4,1,4,3,4,1,4,2,2,1,3,1,4,2,1,3,4,3,4,4,2,3,1,1,3,2,3,3,3,4
752,16,3,3,4,4,4,3,1,2,3,4,1,3,4,1,1,4,2,1,1,3,4,3,3,2,3,1,3,1,4,3,1,3,4,4,1,4,3,4,2,3,1
753,17,4,4,1,4,3,4,4,3,4,2,4,1,4,3,2,4,2,3,3,4,1,3,2,4,4,1,3,1,3,3,2,1,2,4,3,2,1,4,4,3,2
754,4,2,1,3,3,2,4,4,3,4,3,4,3,1,1,4,1,2,3,4,1,4,4,3,1,1,4,2,1,2,3,2,2,4,1,1,3,2,1,1,3,4
755,1,2,3,2,2,4,3,2,1,2,2,4,2,1,4,1,3,2,3,3,1,4,3,3,3,1,2,2,3,4,3,1,4,1,3,4,1,2,4,1,4,1
756,14,3,3,1,2,2,2,3,4,4,4,2,2,2,4,3,1,3,1,3,2,4,1,3,3,4,4,4,1,3,1,3,3,2,1,2,1,3,2,4,2,4
757,17,3,3,3,1,4,3,4,1,3,1,1,1,3,1,2,1,4,2,2,1,4,2,4,3,2,1,3,4,3,3,2,1,1,3,2,4,4,2,4,3,4
758,7,2,1,3,1,1,3,2,1,1,4,4,2,1,2,3,3,1,4,3,1,2,3,1,1,1,3,3,2,3,1,1,1,1,4,2,1,2,1,2,3,3
759,17,2,2,4,3,1,4,2,1,4,4,2,2,3,2,1,4,4,2,4,1,3,4,1,4,2,4,3,4,2,2,1,4,2,3,1,1,2,4,1,2,2
760,9,1,2,2,1,1,2,1,3,2,2,1,1,4,1,4,3,2,2,1,3,3,1,3,1,3,3,2,2,1,1,2,4,3,3,2,1,1,4,3,2,1
761,14,2,1,1,3,3,4,3,3,1,2,3,2,2,2,4,3,1,1,3,3,2,4,1,2,4,1,4,3,3,1,2,4,3,4,4,2,1,1,2,4,4
762,16,1,1,3,1,1,1,4,2,2,3,4,3,3,1,4,1,3,1,3,3,3,2,3,4,3,4,4,3,3,1,4,2,3,1,4,1,2,1,1,2,4
763,1,1,3,3,2,1,2,3,3,2,3,3,4,3,4,4,3,1,4,1,1,1,1,3,4,1,1,3,1,2,1,2,3,2,1,2,1,2,2,2,2,2
764,14,1,4,2,3,2,2,2,1,1,1,2,3,3,4,2,2,2,2,2,2,1,3,4,2,1,3,4,2,1,2,1,1,4,4,1,2,2,4,4,4,2
765,16,4,3,4,4,2,3,1,1,3,3,4,1,2,1,3,4,2,1,2,2,2,2,3,1,3,2,3,4,4,1,1,1,2,3,4,2,1,2,1,3,1
766,15,2,1,1,4,1,2,2,2,2,2,1,4,4,1,4,3,2,1,3,1,4,3,2,1,1,3,3,3,4,3,3,4,3,4,3,2,2,4,4,1,2
767,14,3,2,1,2,2,1,4,4,2,4,1,2,3,1,2,3,2,2,2,2,2,1,2,3,1,2,4,1,4,2,3,1,2,2,3,4,2,2,1,4,1
768,10,1,2,3,2,2,4,3,2,3,2,3,1,3,4,4,3,4,2,3,3,3,3,1,2,4,1,3,1,1,2,1,4,1,1,3,2,3,1,2,1,1
769,2,4,2,3,1,2,2,2,1,1,4,2,4,4,1,2,3,4,3,2,1,1,3,3,4,3,4,2,3,2,4,1,1,3,4,3,1,2,2,1,1,3
770,12,2,4,4,1,1,1,2,4,2,1,2,2,2,3,1,3,2,1,4,2,1,4,1,2,2,2,3,2,3,3,3,4,4,3,4,2,1,4,2,2,2
771,16,1,1,4,3,2,1,1,2,1,1,2,2,4,2,1,2,1,3,4,4,4,2,2,4,4,4,2,1,4,3,1,1,2,3,2,4,3,3,4,4,3
772,16,3,1,1,3,4,4,2,4,3,2,4,4,3,3,1,4,2,2,3,1,1,4,3,2,2,3,3,1,3,3,1,3,3,2,1,4,3,4,4,1,2
773,7,3,2,2,4,1,2,4,3,2,3,3,4,2,1,4,2,3,2,3,2,1,1,4,3,4,3,1,4,2,4,1,3,3,4,1,1,2,1,3,4,1
774,13,3,3,1,3,1,4,4,4,4,2,3,3,3,2,1,2,4,2,3,4,1,3,1,3,4,1,1,1,1,3,1,4,4,2,4,2,3,3,1,4,3
775,1,3,1,2,3,3,4,4,1,2,4,2,3,3,1,4,3,1,1,1,4,4,1,1,3,1,4,2,3,2,3,1,2,1,2,2,4,4,4,4,3,4
776,3,3,2,4,2,2,2,4,1,3,3,4,2,3,4,4,4,1,2,4,3,2,1,3,4,4,1,3,3,4,3,4,3,3,2,1,2,3,3,1,2,3
777,1,4,3,2,3,1,2,4,1,4,4,2,1,1,1,1,3,1,3,2,3,1,1,3,1,2,4,1,1,4,4,2,3,4,3,3,2,1,3,1,2,4
778,1,1,1,4,4,4,2,2,4,3,4,1,1,1,1,4,2,2,2,2,2,1,2,2,4,2,1,3,3,1,3,2,4,2,1,1,3,4,1,4,3,1
779,6,2,1,2,1,2,3,2,3,3,4,1,4,3,4,4,1,1,4,2,2,4,3,4,1,2,3,1,1,3,1,2,4,1,2,3,2,3,3,4,1,3
780,8,1,2,4,3,2,3,1,4,1,2,3,4,1,2,3,1,1,2,3,3,3,2,3,1,3,4,4,2,2,2,2,1,1,3,4,3,4,2,4,1,2
781,13,2,2,4,1,4,1,3,1,3,4,1,2,2,3,2,3,4,3,4,2,1,2,2,4,2,4,4,2,1,4,4,1,3,2,2,2,1,3,3,1,4
782,9,3,3,1,1,4,4,4,4,1,1,1,3,3,1,1,4,4,2,1,1,1,2,3,3,1,4,2,1,3,3,1,2,3,4,4,3,2,2,2,1,3
783,3,1,1,1,4,1,2,2,1,2,1,3,2,3,1,4,3,1,2,2,1,1,3,3,4,3,2,2,1,3,3,1,4,4,4,2,4,4,3,2,3,2
784,8,3,2,4,1,3,3,2,3,3,1,1,3,3,1,3,2,4,3,2,4,4,4,3,1,1,4,3,3,1,3,3,4,4,1,3,1,4,3,4,1,4
785,9,4,1,2,2,1,4,2,2,1,4,2,3,3,2,2,4,1,3,2,2,1,4,2,2,3,1,1,2,2,1,3,3,2,4,2,2,4,1,4,2,2
786,4,4,3,3,4,2,3,1,3,3,2,3,2,2,1,2,3,2,4,3,1,1,2,4,3,4,2,4,4,3,2,4,3,4,2,1,4,2,3,3,3,1
787,2,4,3,3,4,4,4,1,2,1,1,2,4,2,2,2,1,2,1,4,3,1,1,3,3,3,2,2,1,3,4,1,3,1,3,3,1,1,3,4,1,4
788,12,1,2,3,3,4,1,3,3,4,3,4,3,3,3,2,2,1,4,4,3,2,4,2,1,4,3,4,2,1,2,3,4,2,1,3,4,1,1,2,2,2
789,15,1,1,2,4,3,2,2,4,2,4,4,3,2,2,2,3,1,1,4,4,1,1,4,1,3,1,4,2,2,4,2,4,4,2,2,3,4,4,3,2,1
790,5,1,2,2,1,4,4,2,2,2,4,1,1,2,1,1,2,1,4,4,1,2,1,3,4,1,4,1,1,4,1,4,1,2,4,2,4,1,1,1,3,1
791,10,3,1,2,1,3,3,1,1,3,3,2,4,1,3,4,4,3,2,1,2,3,4,2,4,3,4,3,2,1,4,1,3,2,3,1,2,2,4,4,3,2
792,5,4,4,2,1,3,1,3,4,3,4,1,1,3,2,4,4,1,4,1,1,1,3,1,2,4,2,1,1,3,4,3,4,4,4,1,1,4,2,4,3,1
793,9,3,1,1,3,2,1,2,3,3,3,4,3,3,3,2,2,2,3,3,2,2,1,1,2,1,3,2,2,2,4,1,4,2,1,4,3,4,3,1,2,4
794,6,1,3,4,2,1,3,3,3,3,2,4,2,1,2,4,4,1,2,1,1,4,4,2,1,1,2,4,3,2,3,2,2,3,3,4,1,4,3,1,2,4
795,9,3,3,4,3,3,2,3,3,4,2,2,3,1,3,1,1,2,1,4,1,2,4,4,2,1,3,2,4,3,4,4,3,3,3,3,2,2,4,1,2,3
796,8,4,3,3,1,3,4,4,2,2,2,4,2,2,1,1,1,1,1,3,4,3,1,4,3,4,4,1,3,4,1,4,4,3,4,1,3,3,1,2,4,3
797,1,2,3,4,2,2,1,1,4,1,4,2,4,2,2,1,2,4,4,3,3,2,3,2,2,2,1,2,1,3,4,1,4,1,1,2,3,1,2,4,3,4
798,6,4,4,1,4,4,1,1,4,4,4,3,3,4,1,3,3,2,1,3,4,4,1,4,1,2,2,3,3,1,1,1,3,4,3,3,4,4,1,1,3,2
799,3,3,4,4,1,1,2,3,3,4,3,3,1,1,2,1,3,4,2,3,2,3,2,3,2,1,2,4,1,2,1,1,3,2,1,2,2,4,3,2,3,3
800,1,4,4,1,3,1,3,3,1,1,3,2,3,3,3,3,1,2,2,3,3,2,1,1,1,4,3,2,2,4,3,2,3,4,2,4,1,2,3,4,4,1
801,3,2,4,1,2,1,2,4,1,1,4,3,2,2,3,2,3,1,1,3,3,1,3,2,2,4,2,4,3,3,3,1,2,4,4,1,4,3,1,4,3,2
802,12,4,2,4,1,2,2,3,4,4,3,2,2,2,1,4,1,4,3,3,2,2,4,4,1,2,2,1,3,1,1,1,2,4,4,4,3,3,1,4,3,3
803,8,4,2,2,2,4,3,2,4,2,4,4,3,3,3,3,4,2,4,3,1,2,1,1,4,3,1,3,2,4,4,4,2,1,1,4,4,1,3,3,3,4
804,4,1,2,2,1,3,2,4,4,1,2,2,4,4,3,2,1,4,2,4,2,3,1,3,3,4,1,1,1,4,2,1,1,1,1,1,3,4,3,3,2,3
805,16,1,2,1,3,3,4,1,3,4,2,2,4,1,3,1,4,2,1,2,1,3,2,3,1,2,1,1,4,2,3,4,4,3,3,3,2,2,2,4,3,4
806,3,4,4,1,2,1,2,4,2,1,4,1,2,2,3,2,1,1,2,3,1,4,3,2,1,1,2,2,3,4,4,2,3,3,3,2,4,1,1,4,1,1
807,8,3,2,4,4,4,3,2,3,4,4,2,1,2,2,2,3,3,4,2,1,3,3,1,4,4,2,3,2,4,4,1,2,4,4,2,3,3,1,2,3,2
808,2,4,3,3,3,4,2,1,1,1,4,4,3,4,2,4,4,1,4,4,3,4,2,1,1,3,3,2,2,3,3,2,3,3,1,4,4,3,4,2,2,3
809,8,4,1,4,2,4,3,3,1,1,2,1,4,3,3,3,3,1,1,2,4,4,3,4,3,3,4,4,4,1,4,3,1,1,2,4,3,3,2,3,4,3
810,3,1,2,1,3,2,3,4,3,4,4,1,4,4,3,2,2,1,4,2,1,4,3,2,1,3,3,2,2,2,4,1,3,3,4,1,2,1,1,3,3,2
811,17,1,3,2,1,3,3,4,1,1,3,2,1,2,3,2,1,2,1,3,3,2,3,2,4,1,1,4,3,1,1,1,3,4,4,3,2,2,1,1,3,1
812,16,2,2,2,1,1,3,2,3,2,3,1,3,2,3,4,2,1,1,4,4,2,1,3,4,4,1,3,4,4,1,2,2,3,1,3,4,2,2,1,3,2
813,8,3,1,1,3,2,1,2,2,3,1,1,1,4,2,3,1,2,2,4,1,3,3,1,3,3,3,3,2,4,2,3,1,2,4,3,1,4,1,3,1,2
814,6,2,2,1,2,3,3,1,3,2,2,1,4,4,3,1,3,4,2,3,3,2,4,4,1,3,1,1,4,3,1,3,4,3,3,4,2,2,1,2,4,4
815,2,4,1,1,1,2,1,3,4,4,3,2,1,1,1,3,1,3,2,4,2,2,4,2,2,2,3,3,4,4,2,2,3,4,3,3,3,1,4,3,1,1
816,17,1,1,4,2,4,2,1,4,1,1,3,1,1,1,3,3,2,2,4,1,2,2,4,3,1,3,2,2,4,4,4,2,3,4,4,3,4,3,4,1,4
817,1,1,4,3,2,2,4,3,1,3,4,1,4,4,2,4,4,3,2,3,3,2,2,4,3,1,4,4,1,4,4,1,3,4,1,1,2,1,2,4,3,3
818,6,1,4,1,1,1,1,4,2,1,3,3,3,4,2,1,1,4,1,3,4,1,3,3,1,1,3,4,3,3,4,2,3,2,4,3,1,3,4,2,1,3
819,7,1,3,4,2,3,1,1,4,2,3,3,4,3,3,3,4,4,1,1,3,2,2,3,3,3,3,3,3,1,3,3,2,3,2,4,3,2,2,1,4,4
820,3,1,2,4,3,4,4,1,3,2,1,1,1,1,1,3,3,1,1,1,1,4,2,3,2,1,1,1,2,4,3,2,2,1,2,3,4,3,3,2,4,2
821,8,4,4,2,3,3,1,2,1,3,3,1,1,3,2,3,1,2,3,4,2,3,3,3,4,1,3,1,3,3,3,2,2,3,3,2,3,2,4,1,3,2
822,14,2,2,2,1,3,4,4,4,2,4,3,3,2,4,2,3,2,1,3,4,1,2,3,4,3,4,4,4,3,2,4,3,1,4,1,4,4,4,2,2,2
823,14,4,4,4,2,2,2,1,1,4,2,2,3,4,4,4,4,2,3,2,2,4,2,3,4,3,4,2,1,2,3,3,1,3,3,3,3,1,2,3,4,2
824,8,1,1,2,1,3,1,2,1,1,1,3,2,2,4,1,1,2,3,2,3,1,4,1,1,1,3,3,2,2,4,3,4,2,1,1,2,3,1,3,3,2
825,2,1,4,4,1,1,4,1,3,3,2,4,4,4,3,1,3,2,2,2,3,1,1,3,2,4,3,3,4,4,3,1,4,3,3,2,1,3,1,3,4,3
826,8,4,2,1,2,4,2,1,3,4,3,2,2,1,2,1,3,2,1,3,1,4,3,1,1,1,1,2,3,3,4,3,3,1,3,1,4,1,3,3,3,3
827,10,1,1,3,1,3,1,1,1,3,3,3,4,4,3,3,2,2,1,2,2,4,4,3,4,1,4,2,2,1,4,2,2,3,4,1,4,4,2,3,4,3
828,5,4,4,3,1,1,3,4,4,4,3,4,4,1,3,1,3,2,4,4,2,2,2,4,2,3,2,3,3,4,4,2,4,4,4,4,1,1,2,3,4,4
829,6,4,1,4,2,3,3,2,3,2,4,2,4,3,3,1,3,2,2,1,4,1,2,2,1,3,4,2,2,3,1,1,3,3,1,1,2,4,2,2,1,3
830,11,1,4,1,3,3,1,1,1,1,2,1,1,1,4,2,2,1,4,1,3,2,1,1,4,3,3,1,1,3,4,3,2,2,2,3,3,3,3,1,3,2
831,14,4,4,3,3,2,1,2,2,1,4,4,4,3,3,4,1,1,1,4,1,2,3,1,1,4,3,2,3,2,2,2,1,2,3,3,2,4,2,1,2,1
832,10,1,2,4,2,2,2,1,2,1,1,2,2,2,3,3,2,3,2,2,4,3,1,3,4,2,1,2,3,4,3,3,4,2,1,1,2,4,4,3,2,3
833,6,2,3,1,4,3,1,3,4,2,1,1,1,3,2,3,2,2,3,4,4,4,4,2,4,3,2,4,3,4,1,3,3,4,2,1,4,3,3,4,3,4
834,17,1,1,4,1,1,4,1,2,4,2,2,4,2,1,1,1,4,2,1,3,3,1,4,1,2,1,3,1,2,1,3,1,4,4,3,1,1,4,1,3,2
835,5,3,2,2,3,3,2,2,2,2,2,3,1,2,3,1,3,4,3,3,4,2,4,2,3,3,2,3,2,2,1,3,3,1,1,4,2,1,2,1,3,1
836,14,2,4,1,1,3,2,1,1,1,3,3,2,1,1,1,1,4,3,1,2,4,2,3,2,2,4,1,3,2,3,1,1,4,3,3,2,2,2,2,1,3
837,14,1,2,1,3,4,2,2,4,2,1,2,1,2,3,1,1,2,4,3,3,4,3,1,3,4,2,2,1,4,4,4,2,2,2,1,1,4,1,3,2,4
838,11,2,4,4,1,3,2,3,4,2,1,2,1,3,4,2,3,2,3,4,4,3,2,4,4,3,4,3,1,3,4,3,1,1,2,2,1,3,2,4,4,1
839,13,2,2,3,1,2,3,1,2,4,3,4,1,1,4,1,2,4,2,1,3,3,2,3,4,2,4,1,1,4,1,3,1,4,2,4,1,1,1,3,1,4
840,15,4,1,3,4,1,2,1,3,1,1,2,3,1,1,1,1,4,3,4,2,3,1,4,2,4,3,2,3,1,2,2,4,1,3,3,3,2,3,3,4,3
841,14,1,4,3,4,4,4,3,1,2,4,4,4,3,1,3,2,3,2,4,3,2,1,3,3,4,2,2,1,1,1,2,3,4,1,1,1,2,1,3,3,4
842,14,1,3,3,2,3,3,3,4,1,2,2,4,1,3,3,4,4,1,3,3,4,3,3,3,4,3,3,1,1,2,3,2,2,1,2,4,2,4,3,2,3
843,5,3,1,4,3,1,2,2,3,3,4,3,1,4,3,2,1,4,1,2,2,4,4,1,4,3,3,1,2,1,2,2,3,3,4,4,1,3,4,1,4,3
844,14,4,4,2,4,4,1,3,4,1,2,4,2,1,1,1,3,4,3,3,2,4,2,1,2,3,1,2,1,1,2,4,2,1,3,4,2,3,2,2,3,2
845,16,2,2,2,3,4,3,2,3,2,1,3,3,4,4,3,2,4,3,3,3,3,1,1,2,4,3,1,4,4,3,2,1,1,1,1,4,1,2,1,3,2
846,8,4,1,2,2,4,4,2,4,2,1,4,1,3,1,2,4,1,4,2,2,4,2,2,2,4,3,2,1,1,3,4,4,1,3,1,1,4,3,2,2,2
847,4,1,2,4,1,3,4,2,1,4,4,4,3,1,4,4,4,3,4,1,3,4,1,4,4,1,1,2,4,1,1,1,3,2,2,3,3,4,3,4,3,4
848,6,4,4,2,4,1,4,2,1,4,4,2,1,4,2,2,4,1,4,3,3,1,1,2,2,1,1,1,4,4,1,2,3,1,3,1,2,4,2,2,2,3
849,4,1,2,1,2,3,1,4,2,2,3,4,2,4,3,3,4,2,4,1,4,1,1,3,3,3,2,4,3,1,2,2,1,1,1,1,1,2,2,1,4,3
850,13,3,1,4,2,3,4,1,1,3,3,1,3,2,3,3,2,1,2,2,3,3,2,3,1,2,3,3,2,2,3,4,4,2,1,1,1,1,1,4,2,3
851,12,4,3,1,1,1,4,2,1,4,4,1,2,4,2,1,1,2,3,4,1,4,1,1,2,3,2,4,2,1,2,2,1,4,3,2,4,2,1,2,2,4
852,3,3,1,1,3,2,3,3,4,1,3,4,4,1,3,3,1,3,1,2,4,1,3,1,2,4,4,4,1,2,3,2,4,4,2,2,3,1,4,4,2,2
853,5,2,4,2,1,4,3,1,2,3,3,2,2,1,2,2,2,4,3,3,4,1,4,4,1,3,4,4,4,2,2,4,2,4,1,4,4,4,4,1,3,4
854,4,2,3,3,2,1,2,3,3,3,4,1,4,4,2,4,2,4,3,2,1,1,1,3,3,4,3,1,2,3,4,1,4,3,4,1,1,1,4,2,2,4
855,17,1,4,3,4,4,1,1,1,1,4,1,3,1,4,2,3,3,3,1,4,3,3,3,4,3,4,3,2,3,3,1,2,3,2,4,2,1,2,4,4,3
856,4,3,3,1,3,4,3,1,3,3,2,2,2,4,3,3,1,1,2,3,2,4,2,2,3,2,2,2,2,1,2,1,1,1,3,1,4,2,1,3,1,4
857,17,3,4,2,4,1,4,2,4,2,3,2,2,1,4,2,1,2,1,3,4,3,2,2,2,1,3,3,2,2,1,3,2,3,4,2,1,2,1,1,4,1
858,2,3,2,2,1,2,2,3,4,2,2,4,3,3,2,2,2,4,1,2,2,2,1,2,2,2,1,4,3,4,1,4,4,1,3,4,2,3,2,2,3,3
859,1,1,1,1,4,4,2,3,2,2,1,1,2,3,1,4,3,3,4,2,4,4,1,2,1,1,1,4,2,3,2,2,3,3,1,1,3,2,4,4,1,1
860,13,4,1,4,4,4,1,4,1,1,3,3,4,2,4,1,3,4,1,1,3,3,4,1,4,2,2,4,4,4,2,1,4,1,2,2,3,1,2,1,1,2
861,7,4,1,4,3,2,3,4,3,2,1,1,2,3,1,3,2,3,1,3,4,2,3,1,2,2,4,4,2,2,1,1,1,1,1,2,4,3,2,4,2,3
862,13,1,3,4,2,2,4,4,2,2,3,1,2,2,3,1,2,2,2,2,4,2,3,3,4,3,3,1,1,3,4,3,2,4,2,3,3,2,1,1,2,4
863,13,3,3,3,2,3,1,1,4,1,2,3,3,2,2,4,2,2,2,2,4,1,2,4,1,3,3,2,3,4,3,3,3,2,3,1,4,1,4,4,2,2
864,9,4,1,3,3,1,2,4,1,2,1,3,1,4,4,3,2,1,1,2,2,2,3,2,1,3,3,1,1,2,1,1,2,1,2,3,3,2,3,3,3,3
865,8,4,1,1,4,4,4,3,4,1,4,1,1,2,3,3,2,2,4,2,3,1,3,2,2,4,2,2,4,4,3,2,1,4,3,2,2,4,4,3,1,3
866,4,3,1,2,1,3,3,3,4,3,4,3,3,4,4,4,1,4,1,2,4,2,3,4,3,3,4,2,4,2,2,3,3,2,2,2,2,4,3,4,1,2
867,8,3,4,2,4,2,4,1,3,1,2,2,1,4,3,3,3,2,3,2,4,3,1,2,1,2,3,2,1,4,4,1,4,4,4,1,4,3,4,1,1,2
868,14,3,2,3,2,2,1,2,3,2,4,3,1,4,3,2,4,1,3,3,3,1,4,1,1,3,2,2,2,2,1,3,3,4,4,4,1,4,3,3,2,4
869,12,1,1,4,4,2,3,3,1,1,4,3,2,3,4,2,4,1,4,4,4,4,3,1,2,4,1,1,3,4,2,3,1,4,4,3,3,2,2,4,1,1
870,15,4,2,1,4,2,4,3,2,4,4,4,2,3,3,4,1,3,1,3,1,2,4,3,1,2,2,4,3,3,3,4,1,2,1,4,4,4,3,3,3,3
871,10,3,1,3,1,4,1,3,3,1,4,2,2,3,1,4,3,4,4,3,2,2,1,1,2,4,2,3,2,1,1,3,1,1,2,3,2,4,4,3,4,4
872,8,4,1,4,4,2,3,3,4,4,1,1,4,3,2,1,2,1,1,2,3,1,4,2,2,1,3,3,1,3,2,2,1,2,4,4,2,2,1,2,3,1
873,6,1,3,1,2,1,3,1,1,3,2,4,2,1,1,4,2,4,4,2,4,2,4,1,4,1,3,2,1,2,3,3,4,4,2,3,3,4,2,3,2,1
874,13,2,4,1,3,4,3,3,2,1,1,3,2,2,1,4,1,3,4,3,2,1,2,1,1,2,3,2,3,1,3,1,3,3,4,4,3,2,4,1,2,1
875,15,4,3,2,1,2,1,2,3,3,2,4,3,3,1,4,4,4,4,4,4,4,1,1,3,1,1,1,3,1,2,3,3,1,2,2,4,2,2,1,2,4
876,6,2,4,1,1,3,3,1,4,3,3,3,3,2,1,3,4,3,4,2,3,1,3,4,1,3,4,4,3,2,2,3,1,3,2,3,1,3,4,1,2,1
877,11,4,2,1,4,3,4,1,3,3,3,3,3,3,3,4,1,4,2,4,2,4,3,4,2,2,2,3,2,1,2,4,2,2,1,2,1,3,4,1,1,1
878,6,2,3,3,2,3,3,1,3,2,2,2,2,4,2,3,4,1,1,4,2,4,1,2,3,2,3,4,1,1,1,2,3,3,1,2,1,3,2,4,4,3
879,17,2,3,4,2,3,4,3,3,2,1,4,1,4,3,1,4,1,4,3,3,2,3,4,4,4,1,1,4,4,3,4,3,3,3,2,4,3,4,2,1,4
880,15,4,1,1,1,1,3,4,4,3,3,4,1,1,1,3,1,2,1,2,1,4,2,4,3,3,4,2,4,3,2,1,1,1,1,4,4,1,1,3,2,3
881,11,4,1,1,3,3,1,4,2,4,2,4,4,2,3,3,4,2,1,4,1,4,1,1,4,4,1,2,4,1,4,3,4,2,1,1,2,2,1,2,4,2
882,6,1,3,3,1,3,1,3,1,4,3,3,1,3,1,4,1,1,4,4,4,4,3,2,1,3,1,4,4,2,1,4,2,1,1,4,2,4,1,1,2,1
883,13,1,2,1,4,2,2,4,4,1,3,3,2,4,3,4,2,2,4,2,1,4,1,1,1,2,1,2,3,3,2,2,1,2,3,1,2,1,2,4,1,4
884,2,2,1,1,1,4,3,1,4,2,4,3,4,3,2,2,2,4,2,4,2,4,1,2,4,3,1,3,4,4,1,1,4,1,2,3,3,3,1,3,2,2
885,9,4,4,2,1,2,3,1,2,3,3,3,1,2,4,4,2,4,1,4,4,1,1,1,3,3,3,4,1,2,2,3,2,3,4,2,3,1,2,1,1,4
886,11,2,4,4,2,1,3,3,2,1,2,4,2,4,4,1,4,1,2,1,3,4,4,3,2,1,4,1,3,3,4,4,1,1,3,1,1,2,1,3,2,2
887,6,1,4,4,3,2,2,3,2,4,3,4,1,4,3,1,2,4,2,2,1,2,4,4,1,4,1,2,4,2,2,2,1,3,4,2,1,3,1,2,4,1
888,12,1,2,4,2,1,2,3,3,4,2,3,4,3,1,1,2,2,2,4,3,4,3,2,3,2,2,2,2,3,1,1,4,4,2,2,3,3,3,3,3,3
889,15,3,4,2,1,2,1,1,1,1,1,2,2,1,1,1,4,1,1,2,4,1,3,3,1,1,2,3,2,3,4,4,2,2,3,3,2,3,2,1,2,1
890,14,2,2,4,2,4,3,3,2,2,1,1,4,3,3,3,1,3,2,2,2,1,4,2,4,2,3,4,4,4,4,1,1,3,4,1,3,1,4,3,3,3
891,13,4,3,4,3,1,2,4,4,2,1,1,2,3,2,4,4,2,3,4,3,3,1,4,3,3,4,4,2,4,3,3,1,1,4,1,4,4,3,4,2,2
892,1,3,2,4,3,3,1,2,1,4,1,3,4,2,2,2,3,3,3,4,4,2,2,4,4,4,4,2,1,4,2,4,4,3,1,3,3,2,3,2,2,2
893,10,1,3,1,2,3,1,4,2,2,3,2,1,1,3,1,3,3,3,2,3,3,4,3,4,4,4,1,3,1,4,2,2,4,1,2,1,4,1,3,1,3
894,9,4,2,4,1,2,1,4,4,3,2,2,4,2,4,2,1,1,3,4,4,3,2,3,3,2,2,4,1,1,4,2,1,4,1,3,3,1,1,3,4,4
895,14,2,4,3,2,4,2,2,3,2,4,3,2,4,1,2,2,3,3,2,1,2,2,4,2,2,3,3,4,3,3,2,2,1,1,2,4,2,1,2,3,3
896,4,2,4,1,2,2,3,2,1,4,1,2,4,3,4,1,2,2,4,3,4,2,2,1,1,1,2,2,2,1,1,1,4,1,2,3,1,2,3,1,4,4
897,7,1,3,2,3,3,4,1,4,4,3,3,2,1,4,4,4,2,2,4,2,3,2,4,3,2,2,2,4,3,4,1,3,1,3,1,2,4,2,4,3,1
898,4,4,2,4,1,4,2,4,4,1,1,1,1,4,3,1,3,1,1,4,4,1,1,3,3,4,1,3,1,2,3,2,1,1,4,4,1,3,2,2,2,4
899,12,3,4,3,3,4,3,3,1,3,4,4,2,1,1,3,3,1,2,2,2,3,4,1,2,1,1,1,4,1,3,3,1,2,1,4,1,3,1,1,4,3
900,12,3,1,4,2,4,1,3,2,3,1,2,1,3,1,2,2,3,1,1,1,4,2,2,3,3,4,1,4,1,3,3,1,4,1,4,2,2,3,2,3,2
901,17,3,1,4,1,4,3,3,1,1,1,3,1,4,1,1,1,3,2,3,4,3,1,1,1,2,3,2,1,2,2,4,3,1,2,1,2,2,4,3,2,3
902,9,2,2,2,3,1,2,1,1,1,3,1,3,1,1,1,4,3,3,4,2,2,3,4,4,2,3,1,1,4,1,2,3,3,3,2,4,2,4,1,1,2
903,16,3,3,1,3,2,4,1,1,4,3,1,1,1,2,4,4,1,4,4,1,4,3,2,1,2,4,4,4,1,2,3,1,3,4,4,2,4,3,1,2,4
904,16,4,4,2,2,3,2,4,1,1,3,2,1,2,2,1,4,1,4,2,4,2,4,1,1,4,2,2,2,1,1,1,1,2,4,1,2,3,1,4,3,2
905,11,1,4,4,4,1,1,1,4,3,2,3,1,2,4,2,3,2,2,2,3,2,2,2,2,2,1,3,1,2,4,4,3,3,3,4,4,3,2,1,1,2
906,2,1,3,1,2,1,4,2,2,4,3,2,4,2,1,4,4,3,2,1,3,2,2,2,2,1,2,3,3,1,3,3,4,3,4,2,4,1,4,1,1,4
907,14,4,1,2,4,3,4,2,3,3,3,3,1,1,2,1,3,3,3,1,4,1,1,2,4,2,1,4,2,1,2,3,3,3,3,2,3,4,1,4,3,1
908,5,4,4,4,4,3,4,4,2,1,2,1,1,3,4,4,3,4,2,2,1,1,4,4,3,3,2,4,2,2,4,3,3,4,3,2,1,2,1,4,1,4
909,1,3,4,3,3,4,2,3,3,3,4,2,4,1,4,3,1,3,3,4,4,4,1,2,2,1,1,4,4,1,1,4,1,3,2,2,1,4,4,2,1,4
910,15,1,4,3,1,4,3,4,2,1,4,4,4,3,3,1,4,2,3,2,1,1,4,4,1,1,4,2,3,3,3,4,3,3,2,3,3,1,1,4,4,4
911,2,1,4,2,3,2,1,4,4,1,1,1,4,3,3,3,1,1,4,4,2,2,1,2,3,3,3,2,3,1,3,4,2,2,1,2,3,4,4,1,4,1
912,8,1,2,4,4,4,1,4,1,1,4,3,3,4,1,2,2,4,4,2,3,2,4,4,4,3,3,2,1,2,1,4,2,4,4,2,2,2,4,4,4,3
913,1,2,2,4,4,2,4,1,4,1,2,3,4,3,3,2,3,3,1,2,4,4,3,2,4,3,1,3,1,3,4,3,2,3,2,3,3,3,3,3,1,4
914,2,3,1,2,1,4,1,3,4,2,1,4,3,2,3,4,1,4,4,2,2,1,2,3,4,4,4,4,3,2,1,3,1,1,3,4,2,3,4,4,3,1
915,2,1,4,1,4,2,3,1,1,2,4,1,1,3,2,3,4,1,2,2,4,3,1,1,4,2,4,4,1,1,2,2,1,1,1,1,4,3,2,2,1,3
916,8,4,4,4,3,4,3,3,2,2,4,1,4,1,4,4,1,2,2,4,2,4,3,2,4,4,2,4,2,2,3,1,1,2,2,4,3,3,2,4,3,2
917,12,3,3,3,3,2,2,1,1,4,1,2,2,4,1,2,4,1,2,4,2,4,2,4,1,1,1,3,3,1,4,1,1,4,3,1,4,2,3,1,2,3
918,17,1,2,3,4,4,3,4,1,4,2,1,2,3,4,2,4,2,4,2,4,3,4,3,4,3,2,2,3,4,1,2,4,2,3,1,3,1,3,3,4,3
919,11,4,2,4,2,2,4,2,3,3,1,1,4,3,1,4,2,1,3,4,3,2,3,1,4,4,3,1,4,4,3,4,1,2,2,3,2,3,1,4,1,3
920,5,3,1,4,2,4,4,3,3,3,2,1,4,4,2,4,3,3,1,1,1,3,3,4,3,3,2,1,4,4,1,4,2,4,4,1,4,3,2,4,3,3
921,1,1,1,3,4,3,1,2,3,2,2,1,4,3,2,3,2,3,1,2,1,2,3,1,1,4,4,2,3,3,2,4,3,3,2,1,1,2,1,1,4,2
922,9,4,3,4,3,3,2,3,1,4,3,2,1,2,1,1,1,3,4,3,3,3,4,4,1,1,2,4,2,3,3,4,2,4,3,4,3,1,4,1,2,2
923,9,4,1,2,1,1,4,2,2,2,4,4,4,3,4,4,3,2,4,4,1,2,4,2,4,4,2,1,1,1,4,3,2,3,2,1,1,1,1,3,3,2
924,14,3,2,1,2,2,4,4,1,1,2,4,2,1,3,2,4,4,4,1,1,3,2,3,1,4,3,1,2,2,2,4,3,2,3,3,3,2,3,2,3,1
925,1,2,2,2,1,2,4,2,3,4,2,2,1,3,1,2,3,3,1,1,4,2,1,1,3,2,1,3,2,4,2,2,1,2,4,3,2,2,2,2,4,3
926,15,1,4,4,2,1,4,3,2,3,2,4,4,2,4,3,4,1,3,3,1,3,4,4,3,1,1,1,1,4,1,2,1,2,1,1,2,4,1,3,2,1
927,12,3,1,4,2,4,1,2,1,1,3,1,2,3,1,3,4,3,4,2,4,4,1,1,2,3,3,2,2,4,3,3,3,3,1,3,3,4,2,2,2,4
928,16,2,3,3,3,3,3,1,3,2,3,3,3,2,4,1,4,1,4,3,3,2,1,4,1,3,2,3,4,4,4,1,4,1,2,1,1,1,2,1,1,2
929,14,2,1,3,3,1,4,3,3,4,2,3,1,1,1,4,2,3,1,2,1,2,3,4,2,2,3,2,3,4,1,3,4,1,3,1,3,4,3,3,2,4
930,8,2,4,1,2,3,4,1,4,4,1,1,1,1,2,3,3,2,3,4,3,3,3,1,2,3,1,4,4,2,3,4,3,1,4,1,3,2,2,3,3,4
931,11,1,2,1,3,2,2,3,2,2,4,4,3,3,2,2,2,3,1,3,3,2,2,2,4,1,2,3,1,3,4,2,4,2,1,4,4,3,4,1,4,4
932,16,4,3,4,2,4,2,3,1,1,3,3,2,1,3,2,4,4,3,3,2,1,1,4,2,4,4,2,3,1,3,3,3,3,4,2,3,4,2,4,4,2
933,7,1,1,4,2,3,4,3,2,2,4,3,3,4,1,3,3,1,1,2,1,2,3,4,4,3,2,1,3,2,3,3,4,2,4,2,3,1,4,4,4,1
934,5,3,4,2,3,1,1,2,2,2,4,3,2,1,3,4,2,1,1,2,4,1,2,1,3,2,2,4,4,3,4,1,4,1,3,3,1,4,2,3,1,2
935,16,2,3,1,1,3,2,3,4,4,2,4,3,1,2,1,4,4,2,3,3,2,1,3,1,1,1,3,4,3,2,4,1,3,2,2,4,1,1,4,2,4
936,7,4,4,1,4,2,1,4,2,3,1,3,1,3,3,3,3,2,2,3,4,2,2,3,3,1,4,1,3,3,3,2,4,1,1,3,2,4,3,1,3,3
937,12,4,4,2,3,4,3,1,3,4,3,4,1,3,3,3,2,1,4,2,1,4,3,1,1,1,4,1,3,3,4,4,1,3,4,2,1,3,1,2,3,3
938,6,1,3,4,1,2,2,2,2,3,4,2,3,3,2,1,2,1,4,4,1,4,3,2,4,3,4,4,1,4,4,3,3,3,4,4,2,3,3,1,4,1
939,3,4,3,4,2,2,1,2,3,4,1,4,4,1,4,3,3,2,4,4,3,4,1,2,3,3,2,4,3,3,4,1,1,1,1,1,1,3,4,4,3,4
940,12,4,1,2,2,2,1,4,3,2,4,2,2,4,2,1,3,2,4,4,2,2,1,4,1,4,1,2,3,2,1,1,2,2,2,2,2,4,1,2,3,1
941,10,3,3,3,2,3,1,1,2,2,3,4,2,1,1,1,4,4,2,4,4,1,4,2,4,3,2,2,2,2,2,2,4,2,2,2,2,1,2,1,3,1
942,13,2,1,4,4,3,3,4,2,2,1,1,2,1,1,2,3,4,2,3,2,1,1,3,3,1,4,2,4,1,4,2,3,2,4,3,2,3,3,2,4,3
943,1,3,3,3,4,1,3,3,1,1,1,4,4,3,3,1,4,4,1,2,4,2,2,1,1,3,3,1,2,3,3,4,2,4,4,3,2,3,2,2,3,4
944,14,3,2,2,3,2,1,1,2,1,3,3,4,4,1,1,3,2,3,4,1,3,2,4,2,4,1,2,2,4,4,2,4,2,2,2,4,2,2,2,2,3
945,14,1,3,4,3,2,1,4,1,4,3,1,2,1,4,3,1,2,2,1,4,2,2,4,2,4,3,3,2,2,3,4,1,2,1,3,2,3,4,3,3,3
946,9,2,1,1,3,2,1,1,3,3,2,2,3,2,4,4,4,3,2,2,4,4,2,3,4,3,2,4,4,2,1,2,3,4,2,3,1,4,2,1,4,2
947,9,2,1,2,2,2,3,4,3,3,2,4,1,1,1,2,4,1,3,4,3,2,3,2,4,3,3,1,2,3,4,3,1,2,3,2,4,3,3,4,3,3
948,6,1,2,3,1,4,2,3,2,3,1,2,4,1,2,4,4,4,3,2,2,2,2,4,2,1,3,4,2,2,3,1,4,1,3,2,1,3,2,1,2,4
949,16,1,3,1,3,1,2,2,1,2,3,2,3,3,4,3,2,3,3,1,1,2,2,1,2,4,2,3,4,2,4,3,3,4,1,1,1,3,1,3,2,3
950,11,2,4,2,2,4,4,3,1,3,1,3,2,4,1,1,2,2,3,2,3,4,1,2,2,1,2,4,2,4,3,1,4,2,3,1,2,4,2,4,4,1
951,8,2,1,4,4,2,2,4,3,1,1,3,4,2,3,4,1,4,1,3,4,1,4,3,3,3,3,1,2,3,1,1,3,2,3,1,2,3,1,2,3,4
952,7,4,2,1,3,3,1,3,4,3,4,4,3,4,3,4,1,4,4,2,2,4,4,2,2,3,4,3,3,4,3,4,1,3,2,4,3,4,3,2,2,1
953,2,2,3,2,3,1,4,4,4,3,1,3,3,2,4,3,3,1,3,1,4,3,4,4,4,4,4,1,4,3,2,4,2,3,2,3,3,1,4,2,3,4
954,10,1,4,3,2,3,2,4,4,1,2,2,3,1,3,3,4,2,4,3,1,1,2,1,1,4,2,1,3,3,1,3,3,4,3,2,4,4,1,4,2,1
955,12,1,4,1,3,3,3,2,4,2,1,3,2,1,3,3,1,3,4,1,3,2,4,3,1,3,3,3,2,4,2,2,1,3,3,2,3,3,4,3,1,3
956,3,1,4,3,1,1,4,3,3,3,2,1,3,2,3,1,4,1,2,4,1,4,3,2,1,3,4,1,2,3,3,3,1,4,2,3,4,2,1,3,2,4
957,2,4,2,4,4,2,4,2,3,2,1,4,1,3,1,2,3,3,3,4,3,4,2,1,2,2,2,3,1,3,2,3,1,3,4,4,4,1,2,3,2,3
958,11,3,3,2,2,2,1,2,4,3,3,4,3,2,1,2,2,1,1,2,1,3,4,3,4,2,3,2,3,2,3,2,3,2,4,2,4,3,2,1,1,4
959,5,1,3,4,4,2,3,4,4,4,3,1,2,2,2,3,3,1,1,3,3,1,1,3,4,3,3,4,2,1,3,2,2,2,3,4,1,1,4,4,2,1
960,9,2,3,4,2,2,1,3,1,3,2,4,4,2,2,4,4,1,1,1,4,2,4,2,4,3,2,4,1,4,1,4,4,1,1,1,1,2,2,2,2,2
961,17,2,2,4,4,2,3,4,2,3,1,1,1,1,4,4,3,3,2,4,3,2,1,4,4,4,4,3,3,2,1,2,4,4,4,2,4,3,2,4,1,4
962,6,4,4,1,1,2,4,3,3,3,3,2,1,1,4,3,1,4,1,4,4,3,2,1,2,3,3,2,4,4,1,1,3,3,3,2,3,1,4,3,3,4
963,4,4,3,3,4,4,2,1,3,4,3,1,1,4,3,3,2,2,2,3,1,2,1,2,1,4,1,1,2,3,3,3,1,1,4,4,2,2,2,1,1,4
964,11,2,1,2,4,1,2,4,1,1,4,4,2,3,2,1,4,4,1,3,2,1,1,2,2,3,4,3,1,4,1,1,4,4,2,3,3,4,3,1,4,3
965,11,3,3,3,4,1,4,1,4,1,3,1,4,4,2,1,2,2,3,1,4,3,1,3,4,4,3,2,2,1,1,2,4,2,4,4,4,3,1,4,4,1
966,12,2,4,1,4,4,1,3,4,3,4,1,2,4,1,1,4,2,1,2,1,2,2,4,4,4,2,4,2,4,1,1,1,3,2,1,3,3,1,3,1,3
967,4,4,3,3,3,2,4,3,2,4,4,4,4,4,3,4,1,2,1,4,1,4,3,4,2,1,3,4,2,3,4,4,2,4,1,4,1,3,2,2,4,4
968,2,4,1,1,2,2,1,4,3,1,3,3,3,3,3,4,2,2,4,3,1,1,3,2,3,4,2,3,4,4,3,4,2,4,2,4,4,2,3,3,1,4
969,17,2,3,2,3,2,3,3,1,3,2,1,3,3,3,2,4,3,2,3,4,1,1,4,1,3,4,4,2,3,4,4,3,1,4,3,4,3,2,2,1,3
970,11,4,3,3,2,2,3,3,3,1,3,1,1,3,1,4,1,4,4,4,3,1,4,3,4,3,1,4,2,3,2,2,4,4,4,1,3,3,1,4,2,4
971,14,3,3,1,1,2,1,3,4,1,4,3,4,3,4,1,3,2,1,3,1,1,2,3,3,3,1,3,3,2,3,3,3,3,3,1,4,3,1,1,4,2
972,2,4,3,1,4,1,2,4,1,4,3,3,4,2,4,3,1,4,3,4,3,2,3,3,1,4,3,1,2,1,3,2,3,3,1,2,1,2,1,1,1,3
973,7,2,2,2,4,2,3,2,3,1,1,3,4,1,2,1,2,1,1,2,3,3,4,3,3,3,3,3,3,2,1,4,3,4,3,1,1,2,1,4,2,3
974,7,1,4,4,2,4,3,4,3,3,4,2,2,1,4,4,4,1,3,1,2,1,2,4,1,4,2,4,2,1,1,2,1,1,1,1,3,1,4,3,4,3
975,6,3,1,4,1,3,1,4,4,1,1,1,3,2,2,1,1,3,3,3,3,1,3,2,3,3,2,2,3,1,1,2,3,4,1,3,4,2,4,2,2,4
976,1,4,1,2,4,3,2,3,2,4,2,1,3,2,1,2,1,3,3,4,2,4,3,4,4,3,3,4,3,1,1,2,4,1,1,4,4,2,1,2,2,1
977,10,4,3,1,2,3,2,4,2,4,3,1,1,2,3,2,4,3,4,2,3,1,1,1,2,2,3,3,3,1,3,4,1,3,3,3,1,3,2,2,2,2
978,15,1,4,3,2,4,2,4,2,2,2,1,4,4,1,2,4,4,4,1,3,2,2,1,2,2,4,3,4,3,2,3,4,4,2,3,4,2,4,2,2,3
979,9,2,3,4,1,2,4,2,4,4,1,4,3,4,1,1,3,4,4,4,2,3,1,1,2,3,2,2,4,2,2,4,3,4,2,4,1,4,2,2,1,4
980,8,4,3,1,2,4,2,2,3,3,1,2,1,1,1,1,4,2,1,1,4,3,3,4,3,2,1,3,1,4,1,3,1,1,1,3,3,3,2,1,3,4
981,16,4,2,2,3,1,1,1,4,4,1,1,2,4,1,1,1,4,2,3,2,2,3,4,4,1,1,4,4,3,2,4,1,3,2,2,3,4,4,1,1,3
982,6,2,3,1,4,4,3,4,3,1,3,1,1,2,1,1,1,4,2,1,4,3,2,2,4,1,2,3,2,2,2,1,4,3,2,3,3,2,3,1,2,2
983,2,1,4,4,4,4,2,4,4,4,2,4,1,3,1,1,3,4,2,2,1,2,3,3,3,3,4,1,4,1,2,2,4,3,3,1,3,1,3,2,2,1
984,3,2,1,3,1,1,1,2,3,1,3,1,4,1,3,4,3,4,4,1,2,1,3,3,3,2,1,4,1,2,3,1,3,2,3,1,3,3,4,2,3,4
985,1,3,2,4,4,2,4,2,1,4,2,2,1,3,1,2,4,4,4,1,4,4,4,2,4,3,1,2,4,3,3,2,1,1,2,3,1,2,4,4,4,4
986,13,4,4,4,2,1,4,2,4,4,3,3,3,2,3,2,3,4,3,1,1,3,1,1,4,3,4,2,4,1,3,2,3,2,1,3,2,2,4,2,1,4
987,1,1,2,4,3,2,4,2,4,2,3,4,2,4,3,2,2,1,1,1,1,1,3,2,3,4,1,3,3,3,4,4,4,1,3,3,1,3,3,1,3,2
988,1,1,3,3,1,1,4,3,2,2,4,2,2,3,2,1,1,4,2,3,2,1,1,2,3,1,1,1,3,4,4,3,2,4,4,2,1,3,1,3,4,4
989,16,2,3,1,3,3,3,1,2,1,2,2,3,3,2,4,1,3,4,4,3,2,3,4,4,3,1,1,4,2,4,1,2,3,3,1,3,1,2,4,2,1
990,3,2,1,4,4,4,3,1,2,2,3,4,2,3,3,4,3,1,2,2,1,1,3,4,2,1,2,2,2,1,2,1,3,2,4,1,3,2,3,2,3,1
991,5,3,2,2,1,4,3,2,4,1,1,3,2,3,2,2,1,2,4,2,2,1,3,4,3,1,3,1,2,1,1,3,1,3,4,4,1,2,2,3,3,1
992,14,1,3,1,1,3,3,3,1,2,3,1,1,2,1,1,2,1,1,3,2,4,3,3,1,4,3,4,2,2,1,2,4,3,4,3,1,3,1,4,2,1
993,4,2,4,1,3,4,4,1,1,1,4,3,1,2,3,3,3,2,3,1,3,4,4,3,1,1,4,3,4,1,1,4,3,1,4,4,4,4,1,3,3,2
994,6,4,1,3,1,2,1,1,3,3,3,2,1,3,3,1,1,2,4,3,3,2,1,1,4,1,3,2,3,2,2,2,2,4,4,1,3,4,4,2,1,2
995,7,2,2,1,1,4,2,2,2,4,3,1,1,4,4,2,1,1,4,4,4,3,2,2,1,4,1,3,1,4,2,2,4,1,3,3,2,1,4,1,2,1
996,16,4,1,2,3,4,1,4,4,4,3,2,4,3,3,3,1,3,1,3,4,2,1,3,1,2,3,4,2,1,2,4,3,1,2,4,3,3,2,2,4,1
997,3,3,4,1,1,3,1,3,3,4,1,2,1,1,4,1,4,2,3,2,3,4,4,4,1,4,3,1,4,3,2,3,1,2,3,2,3,1,2,2,1,3
998,6,2,3,2,3,1,2,2,3,3,2,2,2,2,3,4,2,4,2,4,1,3,4,4,3,2,3,3,2,1,3,4,1,2,2,3,1,4,4,4,4,1
999,17,3,2,2,4,2,4,2,4,4,1,2,2,1,3,3,3,2,1,4,1,4,3,2,3,3,2,4,4,4,3,3,3,1,1,3,3,2,4,1,3,1
1000,1,1,1,1,3,4,2,4,1,2,3,2,2,3,2,1,4,2,1,3,2,3,4,4,1,1,1,1,4,3,1,1,1,1,1,4,4,4,4,3,1,2

